character,featureID#0,featureID#1,featureID#2,featureID#3,featureID#4,featureID#5,featureID#6,featureID#7,featureID#8,featureID#9,featureID#10,featureID#11,featureID#12,featureID#13,featureID#14,featureID#15,featureID#16,featureID#17,featureID#18,featureID#19
a,47.91374207,35.96287155,42.22667694,50.01203537,27.64135933,39.34383011,35.17324066,30.4697113,20.00812149,38.86461639,35.22410583,29.57154274,20.95240974,35.06249237,34.10985947,31.01690292,30.86726952,36.00843811,35.33733749,33.23691177
a,47.91373825,35.87161636,44.38207245,54.16498947,27.64135933,39.34382629,35.72761917,29.99055672,20.00812721,36.44324493,35.66687393,30.96975899,20.95241356,32.33926392,32.6804924,30.65450287,30.86726761,33.70604706,32.44927216,31.4074173
a,51.68888855,37.62203217,46.54720688,56.09244919,29.81924248,42.85531235,42.00946045,37.29504395,21.58457184,39.95367813,39.27370834,33.82100296,22.60326576,35.4438858,36.17946625,33.76669693,33.29931259,36.59690094,35.40599442,34.17129517
a,46.07876968,32.08705521,39.4683876,48.40138245,26.58277321,41.56180954,40.41518021,37.73813248,19.24186516,39.79514313,39.29861069,36.38361359,20.1499939,35.8945961,35.427845,33.53406525,29.6851368,35.55186462,34.62059402,33.28852844
b,51.06721115,38.03265762,42.47160339,50.40546799,29.46059608,56.50966644,74.36824799,87.3212204,21.32496834,59.48609543,82.12517548,97.10379791,22.33140755,53.7749176,75.17430878,89.78164673,32.89882278,49.33450317,62.1833725,74.33654785
b,45.72199631,37.16253281,38.137146,41.2711525,26.37695122,50.90826797,66.94655609,78.5687561,19.09288216,53.16168594,73.35277557,86.67188263,19.99397469,47.41355896,66.36627197,79.31648254,29.45528984,43.31324768,54.51317215,65.20912933
b,46.97111893,36.79675293,35.62052536,37.20715714,27.09756851,50.03453064,65.62996674,76.89440155,19.61449814,51.99362183,71.83686066,85.12294769,20.54020882,48.00642014,66.93604279,79.9916687,30.26000977,44.54532242,55.49393845,66.14135742
b,48.10179138,39.8259697,43.41173935,48.18347549,27.74985313,54.31502533,71.7299881,84.35765839,20.08665466,56.37091064,78.22718048,92.70037842,21.0346508,50.87206268,71.59568787,85.79369354,30.9884243,46.00991058,58.31079865,70.09191895
b,52.81189346,32.40387344,41.29795456,54.47867584,30.46710777,56.0554657,73.63327026,86.3407135,22.05352783,57.09405518,79.41152954,94.29324341,23.09435272,51.86374283,72.79350281,87.08480835,34.022789,48.43597794,60.66602707,71.97147369
c,54.93891144,46.60077286,57.35009384,65.98659515,31.69417381,63.13763428,72.53018951,67.55130005,22.94173813,66.07396698,76.34420776,70.48834991,24.02448082,61.09624863,69.99546051,65.21417236,35.39306259,57.39866257,61.81826019,57.94335175
c,50.50527954,46.0711174,60.86373901,75.25266266,29.1364193,61.40248871,76.60501862,84.17405701,21.09031105,60.25553894,79.12987518,88.12364197,22.08567238,54.27889633,71.7784729,80.45610809,32.53680038,52.88502502,63.16892242,69.83581543
c,52.86435318,49.37009048,50.84983444,51.38220215,30.49736404,54.29064941,65.92916107,65.46081543,22.07542992,59.34382248,76.96988678,83.39325714,23.11728668,54.48109055,73.15966034,83.42247772,34.05657959,51.40763855,61.41862488,68.79460907
c,51.76233292,34.54445267,42.28913498,53.3799324,29.86161041,58.87387466,70.383461,70.58521271,21.615242,60.63773727,73.93868256,71.38760376,22.6353817,55.65239334,67.66822052,69.56354523,33.34662628,50.78263092,50.80370331,47.1420784
c,53.43893051,41.16403198,51.83673096,62.00405884,30.82883644,62.86169434,72.27480316,68.77675629,22.31537247,63.55704498,73.8816452,69.96074677,23.36855125,56.30395126,66.84511566,67.33294678,34.42674255,53.0837059,57.64468002,56.72929764
d,49.97972107,32.90236282,39.55878067,50.08195114,28.83322144,57.98381805,75.67707825,88.26483154,20.87084961,46.12763596,45.55124283,40.88166809,21.85585594,40.30644608,39.66149521,36.38348007,32.19823837,40.7958107,39.21700287,35.77564621
d,51.56488037,34.13243484,40.72346497,47.41366577,29.74769402,60.96678543,79.81671143,93.18115234,21.53278732,47.0828743,44.05038071,37.88072586,22.54903793,41.55684662,39.07956696,34.83266068,33.21942902,43.5917778,41.42648697,37.13500595
d,54.47667313,38.04978943,49.0083313,62.17619324,31.42750931,64.04898071,83.74066162,97.75312042,22.74871635,48.66154099,44.60373306,37.84964752,23.82234192,43.39621353,40.02786636,35.00221634,35.09527206,47.34782028,47.64230347,43.49694824
d,51.15469742,49.04111862,64.88082123,80.34575653,29.51106453,58.73814774,76.53692627,89.09721375,21.3615036,44.6451683,40.82738113,35.01880264,22.36966133,39.40146637,36.87823105,33.39191437,32.95517349,42.9957695,40.8855896,37.05247116
e,50.41063309,33.16606903,40.27310944,48.47737122,29.08182526,55.27580261,54.05807495,46.08947754,21.0507946,55.05349731,53.91688919,44.39561844,22.04429436,51.24144745,50.23775101,41.53936768,32.47583771,49.5663414,47.38134384,39.83312988
e,53.97072601,33.89905548,43.29076767,54.49155045,31.13562584,60.27436829,61.51629257,54.70088959,22.53743553,60.38733292,63.02759933,55.87763596,23.60109329,55.43943024,58.07139206,52.27891159,34.76932907,52.91356659,52.73639679,47.42856216
e,53.21647263,32.25850677,40.49203491,50.17553329,30.70050621,56.77743149,56.34379578,49.74999619,22.22247696,56.33666992,56.92019272,49.67383194,23.27127266,50.99487686,52.00559616,46.27998734,34.28342819,49.00418091,47.85705948,42.97984695
e,51.52081299,34.4498291,43.50850296,53.57259369,29.7222805,54.7268219,55.06314468,49.03379822,21.51438904,54.31250763,56.93447876,51.21955872,22.52976608,50.30228043,53.45376205,48.31937027,33.19104004,48.46338654,48.51071167,43.82009888
f,51.20146179,42.81674957,53.18359375,60.98353577,29.53804016,59.29354095,61.9769249,57.92449951,21.38103104,61.45110321,84.39172363,98.70717621,22.39011574,56.01880646,78.14355469,92.73777771,32.98530579,54.45706558,68.58738708,81.14196014
f,56.20504379,49.32660294,58.65011597,63.60466003,32.42460632,58.11448288,57.43693924,51.73230743,23.47045898,67.1881485,91.77255249,107.0445557,24.5781517,61.50666046,85.43527222,101.1862869,36.20874023,59.92518234,75.45240784,89.28942108
f,54.92054749,42.25464249,43.04891205,47.63336182,31.68358231,54.92354965,64.90100098,69.78904724,22.93407249,61.36848831,84.68121338,99.78259277,24.01645279,59.16388321,82.17713928,97.78929138,35.38123703,58.75456238,73.47335815,86.75936127
f,52.50466537,41.84327698,55.47326279,66.38846588,30.28986168,61.65125275,67.87062073,66.55670166,21.92523003,61.96115875,85.09552002,99.91477966,22.95999718,55.61151505,77.62557983,92.39806366,33.8248558,53.80362701,67.57182312,80.14304352
g,52.50465775,33.90860367,44.31917953,57.70967484,30.28985786,59.84964752,75.72384644,86.58207703,21.92522812,49.92824173,48.98690796,43.43027878,22.95999908,44.10351181,42.78606415,37.91494751,33.82485962,44.96892166,42.68047333,37.22518158
g,53.36008072,36.37926865,48.06745148,62.89077377,30.78334808,59.88430786,75.01455688,85.30348969,22.28244019,47.53327942,42.81918335,36.04437256,23.33407211,41.54656601,38.26026917,33.92941666,34.37594223,41.32442093,37.33276367,32.99925232
g,53.36008835,39.11585617,53.76914215,69.18988037,30.78334999,62.43793106,76.05496979,83.15485382,22.28244209,50.55732346,45.6543045,36.8959465,23.3340683,40.77389145,37.99798203,34.20700073,34.37594986,40.08443451,37.44166183,35.19652557
g,49.95270157,37.0044632,49.65377426,63.58465576,28.81764793,55.24528122,66.54304504,73.1488266,20.85957336,43.9549942,42.50733185,37.70877838,21.84404182,37.57070541,35.85660934,32.15750122,32.18082428,37.60186005,34.50455856,30.94635773
h,52.35567856,32.2077179,42.20280838,55.46463013,30.20391464,60.35718536,79.49923706,93.21915436,21.86301613,62.17308044,85.90753174,101.4949722,22.89484787,48.9563179,48.78121185,42.99704742,33.72888184,45.83594894,43.97480774,39.30321121
h,52.35567856,32.70622635,42.76356125,55.72137833,30.20391083,60.76104736,79.97627258,93.71152496,21.86301422,62.24550629,85.97297668,101.5675278,22.89484215,50.81441879,49.9128685,43.24945831,33.72887802,47.79393005,45.69465637,40.24015045
h,52.58224106,33.17249298,42.62996292,55.14514923,30.33462143,60.26479721,79.21648407,92.80877686,21.95763397,61.90658569,85.28179169,100.5882797,22.993927,48.60684967,48.02247238,42.32764053,33.87483978,46.34117508,43.70436096,38.43671417
h,52.58224487,32.31611252,41.63140488,54.50484848,30.33461571,59.36193848,78.09848785,91.59726715,21.95762444,61.85435486,85.12502289,100.3730545,22.99392128,47.86129379,47.15741348,41.66093445,33.87483978,45.60147095,43.01659393,38.0757103
i,52.84574127,35.60312653,44.13784027,53.67420959,30.48662758,52.72524643,48.57437134,41.21427917,22.06766319,51.22604752,49.18300629,42.45009995,23.10914803,46.88270187,44.74927139,38.82346725,34.04459,57.08777618,71.00254059,83.42728424
i,52.69939423,35.17309952,43.28728104,51.92206192,30.4022007,53.23618317,49.31419754,41.82196426,22.00654793,51.5227356,50.00744629,43.8057251,23.04515076,47.82637787,46.15799713,40.52579117,33.95030975,57.6380806,72.01914978,84.67373657
i,51.34518051,40.79989624,47.05712891,52.16578674,29.62095261,50.05931854,47.65399551,41.47499847,21.44104195,47.91920853,46.9133606,41.07299423,22.45295906,44.58338547,43.88056946,38.84164429,33.07788467,53.88324738,66.62731171,78.10775757
i,52.10181808,36.40466309,44.25268555,52.76903152,30.05746078,52.48097229,50.46835709,44.1157608,21.75700951,50.89874649,50.85735703,44.68273926,22.78384018,47.36028671,46.82904816,41.43605042,33.56533813,55.54000092,68.73207855,80.21622467
j,53.3016243,45.45240784,47.62188339,50.42004776,30.74962807,49.15616226,45.18647766,39.12784195,22.25803185,46.70802689,44.09131622,38.68909836,23.3085041,44.50808334,41.79964828,36.86182022,34.33828354,54.5054245,65.71697998,74.49671936
j,53.09885788,41.52911377,47.74610519,53.88536072,30.63264847,51.24098206,45.69616318,38.01270676,22.17335892,49.01379013,45.55498123,39.05875015,23.2198391,44.58861542,41.40625763,36.12610626,34.20765686,57.35193634,71.62406158,84.30876923
j,52.39576721,42.86387253,45.34537888,47.75642014,30.22704124,47.13463211,42.87309647,36.93270493,21.87975311,43.8123703,41.92044449,37.82681656,22.91237831,40.84608841,39.17049789,35.96857071,33.75470352,52.47108078,63.73535919,73.19763184
j,52.76778412,34.96470642,40.35112,49.73413086,30.44165802,46.41740799,40.70059967,33.95701599,22.03510284,43.35663223,39.55188751,34.21624374,23.07505417,39.71417618,36.33802795,32.16120529,33.99436569,52.14939117,63.34492111,72.17797089
k,52.7617569,28.49664688,39.32823944,54.58840561,30.4381752,64.32746124,84.43199158,98.68054199,22.03259087,63.36170197,87.60771942,103.6556091,23.07242393,46.7348175,47.56476974,43.82809448,33.99048615,43.74816513,42.58577347,39.77192307
k,52.57219696,29.65765762,40.97652054,56.76721954,30.328825,64.84649658,85.73864746,100.6362457,21.95343781,64.68707275,90.00283813,106.6473846,22.98953056,48.24115372,50.38773346,46.99746704,33.86837006,45.01549911,44.24580383,41.15497208
k,52.99890518,28.62841797,39.55467606,54.74892044,30.57498932,65.14229584,85.5141983,99.81349182,22.13161659,63.27498245,87.5030899,103.3218842,23.17612839,47.62336731,51.76689148,50.69939804,34.14326477,44.75106812,45.71745682,44.62290955
k,53.94158554,29.34537697,40.69104767,56.70965958,31.11882019,65.72729492,86.8075943,101.7226105,22.52527237,65.94106293,91.23291016,107.782135,23.58835602,54.05977631,54.35765076,46.86633682,34.75056076,49.46038818,47.59915543,41.54430008
l,52.06783295,51.41093826,69.08139038,85.57413483,30.03785706,61.37797165,80.85040283,94.60071564,21.74281693,46.91289139,44.08021164,38.3950386,22.76897812,40.91658401,38.05786514,34.06266403,33.54344177,40.52410126,36.10995483,31.80606842
l,51.60329056,58.10297012,80.02791595,98.76967621,29.76985741,62.04854202,81.92228699,95.72614288,21.54882431,50.97856522,49.62982559,43.94081116,22.56582832,43.53361893,41.44586182,36.95707321,33.24416733,42.93716049,38.09344864,32.17605591
l,53.87958527,48.66123581,62.96945572,78.4967804,31.08305359,64.17264557,84.4875412,98.92469025,22.49938202,52.22673416,50.4270134,43.83577728,23.56124306,44.55654526,41.65444946,36.71414948,34.71062469,45.4523201,42.38747787,37.2050705
l,54.12295151,49.70827103,67.74815369,85.24500275,31.22345543,62.94390106,82.66039276,96.61288452,22.60101128,46.92253494,44.21538162,39.06757736,23.66766739,40.63666534,38.25296783,35.2212944,34.86740875,40.75852585,36.7858429,33.32562637
m,53.05014801,28.30079842,37.93226624,50.2949028,30.60455322,49.96150208,47.57094193,42.58740234,22.15301704,47.60534668,47.22423935,43.61946106,23.19853973,42.52310562,41.19941711,38.15494156,34.17627716,42.27030563,40.47586441,37.94963837
m,51.97050095,26.49954987,35.53828812,48.33201599,29.98170471,47.64865875,44.10314941,38.83888626,21.70217514,44.83226776,43.27642822,39.27739334,22.72641945,39.50015259,37.66377258,34.68069458,33.48074341,39.59088516,38.26896667,36.44244385
m,52.62973404,26.07888412,36.76729584,50.96886444,30.36201286,48.98287201,45.34548187,40.20736694,21.97745323,46.61831665,45.40967941,41.76876831,23.01468658,41.40222549,40.61586761,38.72902298,33.90542984,41.2723465,40.09429932,38.24226761
m,52.94717407,28.43613815,39.28253174,53.52371216,30.54514313,51.2477951,47.1991539,40.97623062,22.11001396,48.53215408,46.93098831,42.45007324,23.15349579,43.26076126,41.91753769,38.96734238,34.10993195,42.75928497,41.31245804,38.81259155
n,52.94716644,29.97186852,40.01756668,52.28375626,30.54514122,52.41358566,49.01197052,42.78520203,22.11001778,48.37902832,47.39247894,43.06532288,23.15350914,41.34114838,40.67697906,38.33866501,34.10993576,41.59015274,38.32680511,34.73188019
n,52.54818726,36.89256668,46.66371918,54.66737747,30.31497383,54.78673172,54.28699493,49.4208107,21.94340515,51.93835831,53.65467453,50.44423294,22.97902298,45.15344238,45.63972855,43.28380966,33.85289383,43.9467659,39.99263763,35.06938553
n,52.08024216,30.2185154,39.46006012,51.21077347,30.04501534,53.29868317,50.90910339,45.0491333,21.74799728,47.73351288,44.83448029,39.7022438,22.77440071,40.1788063,38.34775925,35.51784897,33.55143356,39.54647827,36.85686874,34.62344742
n,51.87154007,28.67094994,36.68902588,48.9835434,29.92461014,47.88134003,45.15912628,40.8140564,21.66084671,46.0790596,43.93052292,39.76929092,22.68313408,40.43358612,39.6242485,37.5087738,33.41698456,39.77271652,37.17222977,34.8431282
o,51.87153244,41.43448639,56.47185898,69.25364685,29.92461395,62.15617752,67.81867981,65.32540894,21.66084671,58.56599045,71.20355988,75.66195679,22.68313408,52.15013123,64.47875977,69.77135468,33.41698456,49.87034607,56.73426437,60.73022842
o,48.83168411,37.70732117,49.98392868,61.43586731,28.17092514,55.80259323,59.93619919,57.06712341,20.39144516,53.41163635,61.51535797,61.84227371,21.35382271,48.45936966,56.3392334,57.43919754,31.45863342,46.39170837,49.93186951,50.11245346
o,48.05112076,42.60783768,54.29549789,65.23099518,27.7206192,55.86595917,63.90214157,65.38491058,20.06549263,54.44128418,65.72470856,68.49063873,21.01249123,45.40636444,51.25156403,51.87371063,30.95577049,42.31454468,41.96030426,39.47633743
o,48.05111694,39.31615448,53.43328476,65.40652466,27.72061539,59.43186951,65.78569794,64.07566071,20.06549454,56.70071411,70.71382904,76.39414215,21.01249123,50.23633194,63.35417557,69.26280212,30.95577431,47.27685165,54.33249664,58.64669418
p,51.71152878,38.5669632,50.33792496,60.89552307,29.83230591,60.70582199,68.92984009,69.44451904,21.59403038,48.02148056,48.31220245,45.27708817,22.61317253,40.91646194,41.79383469,40.65926361,33.31390762,40.29288864,38.38118744,36.47043228
p,51.5031395,39.95421982,47.58862305,55.93295288,29.71208,61.24100113,65.54318237,69.55922699,21.50700951,50.6879425,58.2512207,59.91941833,22.52203751,40.33407974,41.64873505,42.04308701,33.17965317,39.66324615,37.19738007,35.76180649
p,51.5031395,41.47882462,49.39002991,57.93057251,29.71208572,53.40145874,62.56109238,68.18106079,21.5070076,48.53104782,59.05804825,65.34492493,22.52204132,40.04255676,40.90822601,41.24529266,33.17965317,39.60199356,35.97360229,33.39818954
p,51.5031395,37.05632782,46.27401352,55.0892868,29.71208191,64.50917816,77.98495483,81.16851807,21.50700951,47.83785248,52.5561409,53.49255371,22.52203941,40.69037628,44.08495712,46.04686356,33.17965317,40.46845627,37.94917679,35.98562622
q,51.3847847,43.72669983,59.28698349,73.47799683,29.64380646,60.49308395,68.70568848,69.06230164,21.4575882,47.27984619,44.6910553,39.33893585,22.47028351,38.91683197,37.15465927,34.80902863,33.10341263,38.85765457,35.41959,32.60215378
q,52.53052902,42.35557938,58.53999329,72.09645844,30.30478859,63.09492874,68.88445282,67.0695343,21.93603325,49.12995529,47.34175491,41.91460037,22.9713192,42.87073517,41.95751953,38.67425919,33.84153366,41.47485352,39.44468307,36.76258087
q,51.12238693,42.09254074,59.38590622,75.17137146,29.49242783,58.71644592,63.38070679,62.35808182,21.34801102,45.21889877,42.42733765,37.84567261,22.35552979,39.2914238,36.74026489,33.92412949,32.9343605,38.61965179,36.29476929,34.79727173
q,53.25864029,45.54654694,61.12837601,75.12096405,30.72483063,61.28279495,68.18798065,67.87773132,22.24008179,47.23020172,47.0840683,44.11276245,23.28970909,40.63959122,40.47242355,39.26583099,34.31059265,40.06620026,38.1378746,36.85810089
r,53.8427887,37.4079361,47.97612762,62.02085876,31.06182289,62.19814301,82.18763733,96.48872375,22.4840107,65.78839111,89.42910004,103.5973282,23.54515457,44.14388657,44.81334686,42.36632538,34.68691635,42.6353302,40.69397736,38.08440399
r,53.50259018,31.84514618,41.83810043,55.60709381,30.86556625,60.21315002,79.21727753,92.95613098,22.34195137,63.07258606,86.06169891,100.6842041,23.39639091,46.88591003,49.9708519,47.33317184,34.46775436,43.6810112,44.15348816,42.41439438
r,52.98810959,35.45060349,44.10977554,56.24860764,30.56876183,59.69381332,78.28072357,91.66926575,22.12711525,63.09533691,85.58828735,99.52117157,23.17140961,44.65725327,43.88682556,39.27856445,34.13631439,42.87611389,39.76876831,35.35238266
r,52.78765106,28.97507477,39.78249741,55.15552521,30.45311546,60.74277878,80.40921783,94.61257935,22.04340172,63.92802811,87.83950806,103.1863708,23.08374786,47.70454407,51.56892776,48.90551758,34.00717163,44.03512192,44.44411469,42.31600571
s,52.054039,31.91139412,39.0522995,47.23122787,30.02989388,46.34470749,42.89558029,38.23115158,21.73705101,43.81778336,41.52417374,37.65414047,22.76294327,38.58319855,36.56143951,34.44448471,33.53455353,38.55260849,36.19024658,34.73189926
s,54.52755737,35.70690155,43.0332489,49.51973343,31.45685959,48.53054428,43.81394196,38.42813492,22.76996231,45.49215317,42.76781845,39.1062851,23.84460068,39.75947189,37.96748734,36.44361877,35.1280632,40.54249191,35.68395615,32.03153992
s,54.17609406,37.94798279,44.11545563,47.16418839,31.25410843,47.88482285,42.86535263,37.14132309,22.62320518,44.50922775,41.99449921,38.48275757,23.69090652,38.76331329,37.38619995,36.15497589,34.90164566,39.72371292,35.45397186,32.43486786
s,52.6946907,36.07669449,43.36807251,50.57109833,30.39948654,50.37007904,46.35273361,39.98030472,22.00457764,46.55521393,43.63949203,38.87127304,23.04308701,41.28675842,39.45793915,36.73075104,33.94727707,41.46150589,36.50727463,31.69648361
t,52.4160881,36.58639908,43.60878372,52.49580002,30.2387619,49.96619415,45.94123459,40.72560883,21.88824272,47.2530899,45.32862473,41.91386414,22.92126465,42.38488007,41.73062515,40.21021652,33.76779938,42.04701614,39.30118561,36.59509277
t,51.71177673,37.61792755,45.23930359,51.78413391,29.83244514,47.5066185,43.73208237,38.56645966,21.59412575,44.34820557,42.47716522,38.88182449,22.61327362,38.89160919,36.64326859,34.27732468,33.31406021,39.39372253,34.82941055,30.95600319
t,50.65987396,32.40671921,37.02716827,44.92089844,29.22561264,45.03355789,40.09174728,34.68818283,21.15488052,42.20484924,39.37213898,35.74367523,22.1532917,37.7537384,35.75675201,33.86999512,32.63640594,38.50963974,33.93330765,30.09869003
t,52.72235489,35.64513779,41.44855881,47.68912888,30.41545486,46.89186859,42.65743637,37.92329788,22.01613998,44.24279785,41.29413223,37.5045929,23.05519295,38.73860931,36.38785934,34.50619125,33.96510315,38.98374557,35.36762619,33.05728531
u,53.44250488,34.23994827,44.88962936,59.35944748,30.8309021,63.07470322,83.50609589,98.17576599,22.31686211,65.51665497,90.68694305,107.0342941,23.37011337,46.95269775,47.58065796,43.97033691,34.42904663,44.63007355,42.91305161,39.45283127
u,52.74287415,29.82822418,39.81913376,53.70420456,30.42728424,59.95513153,78.68737793,92.14039612,22.02470589,61.3624649,84.67362976,100.034111,23.06416702,47.6064949,47.52325821,42.04267883,33.97832489,44.51448822,43.84553909,40.69260406
u,52.86558533,32.12317276,42.98394775,57.47386169,30.49808121,60.62360001,80.04256439,94.04928589,22.07595253,63.34392929,87.56664276,103.4986191,23.11783218,47.4682579,51.0455246,48.59244537,34.05738449,44.25376892,45.34467316,44.6600647
u,53.66805649,37.32898712,46.61343002,58.85165024,30.96102333,61.87981033,81.28027344,95.15711975,22.41104698,63.46318054,87.23995972,102.525322,23.46874046,44.49309158,44.18484116,40.63998795,34.57434845,42.68015671,40.26440048,37.04847336
v,52.12078094,31.21261406,41.85739136,56.24480057,30.06840134,64.26512909,84.47891998,98.87593842,21.76492882,62.17937851,86.35338593,102.1932373,22.79212952,44.36282349,54.71567917,59.64599228,33.5775528,40.20331192,45.17628098,49.81183624
v,52.40613937,31.9920578,43.00881195,57.21392441,30.23302269,64.60870361,84.82949066,99.13607788,21.88408852,62.14079285,86.02952576,101.5612259,22.91691399,45.50873947,53.87866974,56.93849182,33.76139069,42.67024231,45.165802,47.1730957
v,53.98832321,32.73403549,43.66783905,58.31793213,31.14578629,65.97595215,86.61600494,101.2789917,22.54479218,63.65805817,88.26031494,104.3620224,23.60879517,44.89232635,53.88181686,57.94928741,34.7806778,41.98398209,45.45291519,48.68765259
v,51.30354309,32.72834778,42.22624207,55.09598923,29.59693909,61.86403275,81.01693726,94.63887787,21.42366219,59.88653946,82.81241608,97.7913208,22.43475914,42.20341492,49.004879,51.3271904,33.05107117,39.29405594,41.50271988,43.43451691
w,52.61086273,32.15552521,42.77360916,57.24509811,30.35113144,62.84399414,82.45069885,96.25391388,21.96958351,62.66732788,86.68325806,102.3479309,23.00644302,58.37189484,81.15719604,96.37050629,33.89328003,44.31335831,46.39587784,46.85123444
w,54.10311127,29.48726463,39.68968201,54.26337051,31.21200371,64.78614807,85.07630157,99.44405365,22.59272003,64.37317657,89.12680054,105.3434525,23.65898705,59.56159592,82.98841858,98.70995331,34.85462189,48.01128387,51.31007004,52.92049408
w,53.42498779,32.49067307,43.3760376,58.25137711,30.82079697,65.57093811,86.46625519,101.2481995,22.30954742,65.16907501,90.53023529,107.1595078,23.36245346,60.07307816,84.0763855,100.1951294,34.41775894,45.31917953,48.27111435,49.81384277
w,53.37242889,26.32829475,36.51320648,51.7657814,30.79047585,64.21750641,83.97681427,97.81262207,22.28759956,63.18362808,87.1860733,102.7498703,23.33946609,58.50086212,81.12316132,96.23268127,34.38389587,48.25406265,51.52335739,52.32756805
x,53.99744034,41.38647461,51.3384819,58.75950241,31.15105057,61.70598602,69.94128418,68.90052032,22.54859734,47.79224396,48.11396027,44.61896896,23.61278725,41.74939728,41.86995697,39.6270256,34.78655243,42.40642166,39.23923874,35.31904221
x,54.17225266,42.69414902,54.58496094,64.68611908,31.25188637,64.96495819,74.80870819,74.80419159,22.62158775,55.87818909,58.49728394,54.54823303,23.68922424,49.48959732,51.25387192,47.71920013,34.89916229,47.5364418,45.46097565,40.62848663
x,51.79136276,40.5641098,51.52781296,60.87913895,29.87835884,61.09257126,71.84811401,74.87203979,21.62736702,49.5909996,50.17405319,46.14430618,22.6480751,43.83192062,43.72539902,40.35545731,33.36533356,43.93871689,40.659832,35.44969559
x,54.23984146,44.27643204,55.72169495,65.84202576,31.29088211,62.44695663,77.69231415,82.24627686,22.6498127,48.03072357,46.41849136,41.72805023,23.71878433,42.3888588,41.21971893,38.27861786,34.94270706,42.64427948,38.99795151,35.02914047
y,52.87878036,48.79235077,64.67973328,81.8997879,30.50569153,47.02030945,42.89616776,38.03111267,22.08146095,45.02112579,41.58304214,36.45473099,23.12360191,40.4947319,37.86316681,34.48003006,34.06587982,57.43121719,71.20508575,82.9678421
y,53.57007599,50.78242493,68.51999664,86.43374634,30.90449715,48.23234558,43.40080643,37.94047546,22.37013435,45.87581253,42.44602585,37.28911591,23.42589569,41.1116333,38.71893311,35.32037735,34.51123047,59.13681412,73.66938782,86.15247345
y,53.25443268,47.88542175,64.37628937,81.47564697,30.72240257,54.67414856,54.39287186,50.1079483,22.23832321,51.48743439,48.84554291,41.99012375,23.28786659,47.84791565,46.00004578,40.1220932,34.3078804,58.37614822,72.91014099,85.6048584
y,53.25443268,48.35216904,64.9444809,82.64533997,30.72240257,46.62303162,41.7845993,36.5038414,22.23832512,44.03284073,40.5757637,35.82872772,23.28787231,39.4214325,36.900383,33.94052124,34.30788422,56.64499664,70.05026245,81.58959961
z,53.4283371,39.24321747,50.19708633,61.54095459,30.8227272,61.87181473,76.36548615,84.3365097,22.31094551,49.80483627,53.39874268,52.49391556,23.3639183,43.44848633,45.58503342,45.03886795,34.41992188,43.60002136,40.97760773,37.35886383
z,52.70371628,42.25694656,52.83215332,63.57941818,30.40470123,58.3455658,73.80513763,83.2855072,22.00835609,46.45560455,47.76335526,46.62360764,23.04704666,40.17406464,42.66485977,43.78632736,33.95309067,40.27344131,38.64960861,37.54213333
z,51.87260056,36.65540695,46.97537613,58.31639099,29.92523193,57.46382141,69.50216675,74.48764801,21.66129494,44.677742,44.66120148,41.99726486,22.6836071,38.87226486,38.04454803,36.45729828,33.41767883,40.0037384,35.30376053,30.83141327
z,53.22792053,36.97399139,47.06935883,58.86069107,30.70710754,62.8028717,81.00447845,93.14334869,22.22725487,47.1067543,47.41384888,44.50975037,23.27627563,40.7449646,40.66220856,39.24046707,34.29079819,41.55869675,37.39097595,33.09862137
a,52.6987114,40.98064804,45.73067093,52.5754509,30.4018116,48.5980072,43.46663284,36.81246567,22.00626755,44.63127899,41.42158508,36.58956528,23.04485703,39.47140503,36.54727936,33.23768234,33.94987106,40.91973877,35.10171509,29.41205978
a,53.9070282,42.82113266,47.37780762,55.06303787,31.0988884,49.76867294,44.37028885,37.64822769,22.51084328,46.05237198,42.8168869,38.06338882,23.573246,40.79037476,38.13317108,35.11224365,34.728302,41.91572952,36.28084564,30.83148384
a,51.44217682,41.62192535,45.38805771,52.81887054,29.67691803,47.47671509,43.26644516,37.34837341,21.48155403,44.46722794,41.78168488,37.0270195,22.49537659,39.492836,37.05645752,33.69831848,33.14037704,40.43280029,36.04659271,31.28930092
a,53.48709106,39.86901855,49.16254807,61.1508522,30.8566227,49.0954895,43.09122086,35.8083725,22.33547974,44.96863556,41.30031204,36.29063416,23.38960266,39.96515656,36.92566681,33.6438942,34.45775986,41.05869675,35.76554871,30.86269951
a,53.01928711,41.61644363,46.58804703,55.69094467,30.58674622,48.16051102,43.53556442,37.98313141,22.14013672,44.73825073,42.43692017,38.871521,23.18504333,39.35334015,38.35254669,36.91535187,34.15639496,40.06275177,36.46835327,33.38069534
a,53.00777817,41.65652847,48.60889816,60.43808746,30.58010483,47.49913788,41.48644638,34.71744537,22.13532257,44.00822449,40.85948181,36.81137848,23.18000412,39.0008812,36.79995346,34.66261673,34.14897537,39.84508896,34.98422241,30.95750809
a,52.61235809,42.29255295,48.50811005,59.91412735,30.35198593,47.2533493,42.11314774,36.44140625,21.9702034,44.53547668,40.38262558,35.44857407,23.00709152,39.50770569,36.47128296,33.48717499,33.89423752,40.07463074,35.49932861,31.50392723
a,52.61236191,40.22057724,47.6379776,58.56968307,30.35198784,50.64801025,46.99160767,40.86318207,21.97019768,46.06261826,43.2037735,38.16378784,23.00708771,40.7004776,37.90762329,34.17739105,33.89424133,41.25061035,36.16077042,30.95468521
a,52.61236191,40.27412796,45.26319122,52.8846817,30.35198975,48.86046219,44.34005737,38.0950737,21.97020149,45.09414673,42.41151047,37.91379929,23.00709152,39.94701004,37.60982132,34.62669754,33.89424133,40.97841263,35.37734222,29.8086338
a,52.34363174,39.75095749,44.78799057,52.15999603,30.19696045,47.88281631,43.40197372,37.2795372,21.85798645,44.42063141,41.67150879,36.98595047,22.88957977,39.60220718,37.13401794,33.81557846,33.72112274,40.56027222,35.47635269,30.27308655
a,55.44687271,38.89002991,46.9034462,57.12514877,31.98722267,52.67188644,47.8403511,40.71167755,23.15386009,48.56981277,45.53958511,40.01818848,24.24661255,43.06626129,40.26435852,36.29251099,35.72031021,43.68872452,37.95918274,31.94987106
b,53.93294907,30.84945679,39.38555908,53.1722908,31.11384201,60.89073181,80.3519516,94.30426025,22.52166557,63.93527603,88.38512421,104.4612961,23.58458138,58.02044678,81.07234192,96.75827789,34.74500275,52.52708435,66.04686737,78.84725189
b,56.95455551,29.37213326,40.51004791,57.3466835,32.85700226,66.00763702,87.50365448,102.8849258,23.78344917,69.17817688,96.03610229,113.7664871,24.90591049,62.55737686,87.87480164,105.1278915,36.69159698,55.67301178,70.42788696,84.37715149
b,55.50204849,31.94109917,41.21313095,55.37780762,32.01904678,62.02820206,81.74344635,95.85856628,23.17690086,65.29649353,90.11260223,106.4057236,24.2707386,59.21934891,82.53219604,98.39985657,35.75585175,53.55993652,67.00839996,79.68221283
b,53.77467346,29.01771736,37.29802322,50.53113556,31.02252197,58.1553421,75.38168335,87.32559967,22.4555645,59.55589676,80.7733078,94.32195282,23.51536179,54.01554489,74.02840424,87.35523987,34.64302826,49.82798767,60.45814514,70.05203247
b,54.54152298,45.11863708,58.14567184,75.15452576,31.46492577,62.86528397,82.60242462,96.51409149,22.77579689,63.45139694,87.76648712,103.3715363,23.8507061,59.06718445,82.1184082,97.26260376,35.13706207,57.37697983,71.96974945,84.88479614
b,55.61790848,29.22333908,39.4465332,55.27151108,32.08589172,63.48796844,83.82775879,98.34212494,23.22528458,66.37506104,91.72240448,108.3561554,24.32140732,59.6209259,83.35312653,99.43629456,35.83049774,53.58027267,67.18817902,79.94700623
b,54.30174255,26.41739464,38.02053452,55.02694702,31.32659149,64.1834259,85.30996704,100.316658,22.67566299,66.98570251,93.25231171,110.5953979,23.74584961,60.35094833,85.11315155,101.9123611,34.98258209,53.45035934,67.87670135,81.40473938
b,52.61974335,25.82232666,36.17145538,51.63630676,30.35624886,60.72567368,80.20500946,94.03318024,21.97328377,62.95650482,87.21396637,103.1938629,23.01032257,56.7652092,79.59947968,95.09143066,33.89900208,50.78946686,63.91365433,76.19252014
b,53.52215576,28.73227501,37.38425446,51.19467545,30.87685394,61.20597839,80.74108887,94.7339325,22.35012245,63.42408371,87.7172699,103.7143326,23.40494537,56.86298752,79.69613647,95.2353363,34.48035812,51.1788063,64.43239594,76.87439728
b,55.40534592,30.21995354,39.68045807,54.23839569,31.96326447,63.48690796,83.56391907,97.84880829,23.13651848,65.62596893,90.5613327,106.9353867,24.22845078,59.29215622,82.61738586,98.45995331,35.69355392,53.43252945,66.8540802,79.54276276
b,55.49304962,35.98857117,43.96892166,56.5267334,32.0138588,64.04836273,84.81976318,99.75802612,23.17313957,67.04927826,92.98735809,110.065979,24.26680183,61.17319107,85.70133209,102.402832,35.75005341,54.52011871,68.84383392,82.35917664
c,51.74293518,46.68252182,61.2513237,74.77198792,29.85042572,61.35527039,73.37388611,77.99230957,21.60714722,59.82543182,76.00102234,82.50163269,22.62690163,53.64462662,68.55033875,75.01781464,33.33414078,52.29805756,60.31199646,64.46283722
c,51.74293137,46.31976318,60.89829636,74.4545517,29.85041809,61.41012955,72.93301392,76.87332153,21.60714531,59.85888672,76.28128815,83.18784332,22.62690163,53.66798782,68.91996002,75.82267761,33.33414078,52.21004868,60.55197144,65.2256012
c,51.742939,43.03607941,54.97348404,66.63182068,29.85042763,61.83058929,70.518013,67.20214081,21.60714149,61.47789764,70.16166687,65.25830841,22.62689972,53.86460876,61.93831253,60.14833069,33.33413696,51.17256546,53.00061417,48.82478333
c,55.19632339,38.15768433,49.77269745,62.74330902,31.84267616,62.22717667,70.48361206,65.07695007,23.04923248,65.05631256,75.8310318,69.59681702,24.13704872,60.23715591,70.18543243,65.90939331,35.55889893,55.1201973,60.74239731,58.21098328
c,55.80044937,50.16746521,61.86163712,71.57342529,32.19119263,64.52967834,76.44365692,79.39217377,23.30150223,65.62077332,74.59983826,73.50228882,24.40122986,61.30665207,81.71709442,86.83090973,35.94809341,59.67255402,72.94854736,83.28642273
c,52.02209473,36.96768188,45.88885498,54.60050201,30.01146698,57.9149971,64.39646912,57.8336525,21.72371674,59.64157104,67.61765289,59.1407547,22.74897385,55.282547,61.44845581,54.91200256,33.51397705,51.78955078,54.64429855,49.92374039
c,52.02209091,42.95690918,51.55497742,58.46191025,30.01146889,58.03883362,61.88863754,56.70337296,21.72371674,58.23828506,64.40008545,58.32384872,22.74897575,53.18444824,58.47425079,52.98810577,33.51397705,50.56657028,51.61581039,46.48880386
c,55.30592346,50.57337189,65.27046967,78.59562683,31.90589905,64.56874847,77.69354248,82.50765228,23.09499931,62.27310562,78.11602783,83.75745392,24.1849823,56.6950798,71.25986481,74.87735748,35.62950897,55.45317459,63.25440216,66.60063171
c,54.15616226,53.78235626,64.59877777,73.22327423,31.24261665,61.81014633,71.24241638,72.47159576,22.61487389,58.76844025,68.95034027,69.59725189,23.6821804,51.27851868,56.70390701,55.04590988,34.88879013,48.30571747,46.5715065,41.12030029
c,56.72435379,43.52302933,56.89262009,69.05517578,32.72419739,68.00513458,75.99971008,71.87580872,23.6873188,66.3718338,78.4739151,77.29479218,24.80524635,58.41068649,68.34713745,68.29879761,36.54329681,56.14388657,61.84145355,61.38279343
c,55.9279213,47.94271088,54.42404938,53.56958389,32.26473618,67.24983978,72.4620285,63.11753082,23.35474014,68.26036835,75.2113266,65.24747467,24.45697403,61.75957108,68.41269684,62.08526993,36.03022003,59.08968735,61.74885178,56.12807083
d,52.84383011,38.74274445,45.45635986,52.99790955,30.48552513,61.40110016,80.72054291,94.55033112,22.0668602,56.84293747,58.3482132,51.1110878,23.10831261,50.84070206,50.2701683,43.01709366,34.04336166,49.22045517,46.86065292,40.13547134
d,52.84383011,38.10143661,44.57139587,52.56726837,30.48552704,61.83694077,81.21736145,95.05963135,22.06686211,58.30685043,62.20547485,55.49369431,23.10831642,51.76132965,51.01550674,43.32140732,34.04335785,50.21385193,48.25087357,41.58526611
d,52.84383011,40.4308548,43.93790436,51.54273605,30.48552704,61.49670029,80.65694427,94.32150269,22.06686211,47.62976074,44.82928085,39.21311569,23.1083107,41.60877228,38.7835083,34.79335785,34.04335785,42.52305984,36.60610199,30.29448318
d,52.84383011,32.52552414,39.28784561,49.52172852,30.48552895,61.97241592,81.43800354,95.34766388,22.06686401,51.52057648,48.17921448,40.24567413,23.10831642,46.6265564,43.24523926,36.18247986,34.04336166,46.13748932,40.94583893,33.66950226
d,52.84383011,35.01875687,39.78386307,48.16572571,30.48552132,61.65641785,80.99758911,94.83614349,22.06686211,50.59088898,47.42326355,40.25642776,23.10831261,45.38011932,41.98356247,35.5916481,34.04336166,45.29043961,39.69290924,32.47013092
d,52.84383011,38.54750824,46.42547989,55.7293129,30.48552132,61.1269722,80.27973175,93.9556427,22.06686211,55.1762886,53.59454346,45.71220398,23.10830879,48.94952011,46.52543259,39.12372208,34.04336166,48.44369125,43.84212875,35.92705536
d,52.84383011,39.91759872,46.25475311,54.26598358,30.48552513,60.70257187,79.59251404,93.08968353,22.0668602,53.27591705,51.73906708,44.3405304,23.10831261,46.74953079,43.63066483,36.78394318,34.04336166,46.81252289,41.68981552,34.06588745
d,52.84383011,34.56614304,42.7257309,54.19314575,30.48552132,61.45420456,80.18489075,93.36367035,22.06685829,50.09115601,47.24692535,40.67878723,23.1083107,43.90884781,40.86821365,35.6932373,34.04335785,43.79301071,38.17012405,31.56660652
d,52.84382629,31.14716911,38.5447464,50.11817169,30.48552132,62.32665634,81.51950073,95.16118622,22.06686401,55.52198029,53.69397354,45.22956848,23.10831642,50.9532547,48.19895554,39.68997955,34.04336548,50.08643341,45.73170853,37.37491608
d,52.84382629,34.27870178,41.42149734,52.06990814,30.48552704,62.20359421,81.45005798,95.15882874,22.0668602,52.84508896,49.56442261,41.26212311,23.10831261,48.33037186,45.20820999,37.62484741,34.04335785,48.32172012,43.14043427,34.81881332
d,52.84382629,32.2174263,39.79267883,51.26839828,30.48551941,62.39271545,81.72425079,95.47357941,22.06685829,53.64491653,50.84044266,42.48122406,23.10831642,48.75602341,45.84140778,38.16617966,34.04336166,47.98221588,43.11043167,35.17355347
e,53.6845932,35.25860977,38.16119385,44.42858505,30.97056007,54.42399597,51.8139801,44.30135727,22.41795158,53.98800278,51.60049438,43.63122177,23.47597313,52.65162659,52.25711441,44.22112274,34.5850029,52.08234024,50.45211792,43.90485001
e,53.6845932,33.35015106,38.99329758,46.22358704,30.97056007,52.30868912,48.90475845,41.50413895,22.41794777,50.7926712,48.63987732,41.61472702,23.47597313,49.23334122,48.07434845,41.33885574,34.5850029,50.05413437,47.70264816,40.94826889
e,53.68458939,33.93417358,41.15656281,49.11185837,30.97056389,51.80234909,48.75032806,41.78371811,22.41795158,50.0333252,48.21193695,41.61608505,23.47597122,47.62171173,46.28411484,40.12269592,34.5850029,49.04011154,46.49659729,40.05288315
e,54.27308655,34.68012619,42.16493225,50.42187881,31.3100605,53.02742004,49.19792175,41.65750122,22.66370392,51.43717575,48.3175621,40.66929626,23.73332024,49.19496536,46.70662689,39.60174179,34.96412277,49.62170792,45.35926056,37.56990433
e,52.60679626,31.83156395,40.53815842,50.92753983,30.34877968,53.18342972,51.07635117,44.91728592,21.96787834,53.11266708,50.88877487,43.72977829,23.00466347,49.85507202,48.17730331,41.63237381,33.89065552,48.7796936,45.05366516,37.9941864
e,52.60679245,34.54170609,38.13692474,44.9678421,30.34878159,53.60335541,51.27813339,44.83799362,21.96787834,53.07698822,50.4747467,42.80873108,23.00466156,51.58827591,50.97669983,44.20331955,33.89065933,50.24610901,47.72935486,40.47945404
e,50.95745087,32.60622025,38.54351807,45.70099258,29.39727592,49.57877731,46.56622696,40.26351929,21.27913857,48.46549606,46.05930328,39.26927567,22.28341103,45.966259,43.96050262,37.64151001,32.82810593,46.30631256,42.71366501,35.85212326
e,50.95745087,28.23217583,35.43624878,46.00264359,29.39727211,57.57978058,58.24391556,49.49263763,21.27913094,56.73527908,56.4303627,46.43370438,22.2834053,52.54196548,52.20480728,41.1968689,32.82810593,49.41669846,47.84017181,40.07585144
e,50.95745087,28.93365288,36.6414566,46.82014465,29.39727402,56.4828949,56.41780472,48.15016174,21.27913666,56.84252167,57.85015869,49.10573959,22.28340721,53.46127701,55.2306633,45.9629097,32.82810593,51.16638565,50.86688995,44.00210953
e,50.95745087,29.67640495,35.93680191,44.6004982,29.3972702,47.16226196,43.23306656,37.10272598,21.27913666,45.59462357,42.26575851,36.02083969,22.28340912,43.7541275,41.13179779,35.50273132,32.82810593,44.6419487,41.06999969,34.89149094
e,51.07273483,34.57951736,41.14116669,48.5276947,29.46378899,56.62120438,56.27101135,48.46920776,21.32728004,56.49170685,57.14403152,48.4444809,22.33382797,52.42723465,53.61947632,46.13193512,32.90237808,51.30959702,50.3691597,43.42340088
f,51.48026276,45.54310989,53.2312088,59.13611221,29.69888687,60.28645325,68.62132263,69.25836182,21.4974575,61.95742798,84.75629425,97.98308563,22.51203537,57.13471985,79.47364044,93.55713654,33.16491699,55.62462997,69.99243927,82.11839294
f,51.48026657,42.2702713,50.97063828,58.4855423,29.69888687,60.08489609,68.45849609,68.96972656,21.4974556,61.90590286,84.95083618,98.68331146,22.51203537,57.10733795,79.43249512,93.5684967,33.16491699,56.07914734,70.56463623,82.79393005
f,51.48026657,42.29779053,53.82219696,64.43202209,29.69888687,56.95831299,60.60526276,57.85891342,21.49745369,62.19172287,85.37805939,99.80578613,22.51203156,57.10390472,79.69606781,94.50865173,33.16491318,56.57884598,71.43580627,84.45772552
f,51.48026276,47.04099655,57.27581024,63.01939392,29.69889259,57.47754288,58.21831512,53.13578796,21.4974575,62.02965546,83.90061951,96.37361145,22.51203346,57.38905334,79.34017181,92.65775299,33.16491318,56.73701477,71.10111237,82.52052307
f,51.48026276,44.67830276,57.12527084,64.72538757,29.69889259,56.98664093,57.94911957,53.18384933,21.4974575,62.19468689,85.57302856,99.96333313,22.51203346,57.65644836,80.40682983,95.27458954,33.16491699,57.57229996,72.69709015,85.96737671
f,51.48026276,45.89157867,59.3120575,71.17539215,29.69888687,56.31153488,62.03294373,62.30414581,21.4974556,61.29262924,84.10501862,98.72083282,22.51203156,57.35418701,79.61200714,94.16699982,33.16491699,56.92434692,71.34160614,83.91024017
f,51.48025513,45.75325775,59.2469101,71.27955627,29.69888306,56.38692474,62.4495697,63.17017365,21.4974556,61.46400452,84.37843323,98.93585968,22.51203918,57.30373001,79.53577423,94.0958786,33.16491318,56.83068085,71.21740723,83.78778076
f,54.56496048,46.74596405,59.23397064,66.85906219,31.47844315,63.05255127,65.78755951,61.52957916,22.78558159,66.98881531,90.70153809,103.7535095,23.86095428,61.36301041,85.08642578,99.39505768,35.15216064,59.75209045,75.08024597,87.27316284
f,54.56496048,46.7305069,58.79274368,66.7407074,31.47844315,62.5856514,63.65382385,58.46522141,22.78557968,66.94176483,90.03369141,102.3608932,23.86095238,61.38551331,84.63544464,97.95774078,35.15215683,59.91279984,74.93492126,86.12197876
f,54.56496048,46.76283646,57.10370255,63.35554123,31.47844124,60.87164307,62.88606262,58.30740738,22.7855854,66.4954071,88.34672546,99.50933838,23.86095619,60.9964447,83.08946228,95.33405304,35.15215683,59.19694519,73.31256866,83.61525726
f,54.56496048,44.92613602,57.54797745,68.87984467,31.47844315,59.17606735,61.41300201,57.25380325,22.78558159,67.00091553,92.61237335,108.9067001,23.86095238,62.09118652,86.88157654,103.4051285,35.15215683,61.88018036,78.41764832,92.98406982
g,53.19803619,40.75437927,56.88276291,72.77251434,30.68986511,61.85595322,69.96664429,71.66782379,22.21477127,46.48398209,43.40953445,38.43226242,23.26320648,39.73431778,38.47028732,36.48302841,34.27154922,39.19467163,37.41259003,36.30641556
g,57.00131607,47.41217804,61.77896118,76.1206665,32.88397217,62.71828842,76.98142242,84.8045578,23.80297279,47.70017242,44.41388321,39.66648865,24.92635727,41.98141098,40.88588715,39.25150681,36.72172546,42.9683876,38.86326981,35.48168564
g,57.00131607,46.21099854,56.98988342,67.68942261,32.88397598,60.28544617,71.84767151,78.34401703,23.80297661,49.75378799,46.26268387,40.57144165,24.92636299,43.9330864,41.67668152,38.6224556,36.72172546,44.98169327,40.42242432,35.76841736
g,53.63341904,39.76457214,54.56707382,70.53910065,30.94104004,60.28034592,73.49519348,78.99268341,22.39658737,46.43416595,47.00547791,44.39367676,23.45359802,39.80331039,42.1232338,42.16289902,34.55203247,39.16283417,39.66255569,40.11839294
g,52.92041016,43.17916107,58.88672256,74.27690125,30.52970505,62.07402039,65.34942627,63.61518478,22.09884262,43.5877533,39.53211212,34.23280716,23.14180183,37.84669495,35.24597168,32.86177826,34.09270096,38.91529083,34.73400116,31.76504326
g,52.92040253,43.57816315,59.44517517,74.41642761,30.52970886,62.15285492,73.96122742,76.66992188,22.09884644,43.34423447,39.27819443,33.98496628,23.14180946,37.67842102,35.307724,33.06389618,34.09269714,38.54589462,35.50169754,33.52999878
g,52.73942947,39.30831528,53.69520187,68.54454041,30.42529678,59.88579178,69.65769196,73.0956192,22.02326775,48.54522705,48.22047424,41.10156631,23.06265831,39.93038177,39.60134506,35.93273926,33.97610474,38.79035187,38.0629921,37.32434082
g,52.73943329,43.03693008,57.02170181,70.26378632,30.42529678,59.11759949,70.01742554,74.51502991,22.02326775,45.22198868,43.88762665,40.34617996,23.0626545,39.43219376,39.29260635,38.11909103,33.97611237,39.74705124,37.4724884,35.59033966
g,52.73942566,42.33218384,52.26234818,63.14097595,30.42529678,54.93363571,68.86539459,77.277771,22.02326202,46.27638245,48.48216248,47.18549347,23.0626564,39.7158699,41.86809158,41.90955353,33.97610092,40.15680313,38.6853447,37.13072968
g,52.73943329,42.59507751,53.50668335,65.12101746,30.42530632,57.85512543,71.75032043,79.83031464,22.02326965,47.49061966,46.43191528,42.27702332,23.06265259,41.4878006,39.87779236,36.82289886,33.97609711,42.15902328,38.0882988,33.23475647
g,52.73942947,47.60806656,64.64609528,81.26543427,30.42529678,59.12170029,72.52831268,78.68089294,22.02326584,44.9250412,42.76001358,38.6149826,23.0626564,37.95157623,36.41677856,34.88162231,33.97609711,39.06868362,33.97366714,30.03656197
h,53.96529007,29.75853539,40.49680328,55.89871597,31.13249397,61.55996323,81.05309296,95.08887482,22.5351696,64.39115906,88.36581421,103.9112244,23.59872627,47.52100372,51.17689133,48.93416214,34.76583481,44.92630386,45.24618912,43.05060959
h,53.96529007,30.01662254,40.93135834,56.28913879,31.13249207,63.82613754,83.97208405,98.34000397,22.53516579,64.15927887,88.68003845,104.7117081,23.59872246,49.83584595,53.851017,51.10684967,34.76583099,46.22774124,46.63646698,44.23878479
h,53.96528625,29.24829865,39.98565292,55.39033127,31.13249207,64.57224274,84.84473419,99.23498535,22.53516769,64.2322998,88.70888519,104.6320343,23.59872246,50.94766617,54.46583557,51.50595474,34.76583099,47.3392601,47.48087692,44.40168381
h,53.96529007,30.12177277,40.88502121,56.156147,31.13249207,61.96665573,81.64898682,95.81974792,22.53516769,64.26025391,88.42698669,104.2728195,23.59871864,49.44988251,52.16930771,48.35798264,34.76583099,46.21051788,45.74307632,42.15193558
h,53.96528244,32.34801102,43.028965,57.43644333,31.13249397,61.41564178,80.8700943,94.92170715,22.53516769,64.37792206,88.74842834,104.7891006,23.59872437,50.4420433,51.35840988,46.3560791,34.76583099,47.46436691,46.63049698,42.18226624
h,53.96529007,45.93174744,59.56880188,75.0619812,31.13249588,64.36598206,84.28598022,98.41505432,22.53516579,63.22240067,87.23137665,102.9904022,23.59872627,41.99518204,40.17105865,36.71367264,34.76583099,42.05821609,38.4055748,34.5855217
h,53.96528625,30.53528404,41.34085083,56.28381729,31.13249397,63.55534744,83.60323334,97.96626282,22.53516769,64.23019409,88.75921631,104.8417435,23.59872055,48.77163315,52.24289703,49.49654388,34.76583099,45.4007225,45.87379837,43.80833435
h,53.96528625,35.38412094,44.58296967,57.67660141,31.13249397,61.54717636,80.94586945,94.88041687,22.53517151,64.05289459,88.1909256,103.919136,23.59872627,45.69112015,44.85386276,39.55955887,34.76583862,44.15050125,41.14930344,35.98032761
h,53.96528625,41.01686096,49.87475967,60.82763672,31.13249397,64.00606537,83.43211365,97.11408234,22.53516769,63.78918076,87.98735046,103.746582,23.59871864,53.29350281,50.63933563,43.60532761,34.76584244,48.95718384,45.85385513,40.27273941
h,53.96528625,29.06049156,39.96655273,55.40510559,31.13249397,63.19645691,83.12532806,97.31932068,22.53516769,64.26127625,88.69810486,104.6650162,23.59872246,50.20051575,54.43124771,51.82742691,34.76583099,46.68469238,48.01711273,46.26350784
h,53.96527863,43.42019653,53.46340561,65.25550842,31.13249016,65.03573608,84.98877716,99.01036835,22.53516769,63.6570816,87.71061707,103.4151077,23.59872437,43.0901413,43.17388535,40.88861084,34.76584625,44.06226349,41.19863129,37.03593063
i,53.96529007,39.60544205,47.17411041,54.98007584,31.13249588,52.06868744,46.46686935,39.0177536,22.53516769,49.40288925,46.60791397,40.71330261,23.59872437,44.53992844,42.29121017,38.05105591,34.76583099,61.09268951,76.65834808,89.91430664
i,53.96529388,38.53788376,45.7372818,54.34582901,31.13249397,51.07767487,45.70336533,38.17732239,22.53516769,49.14574432,46.0368042,39.95393372,23.59871674,44.22525787,41.54881668,37.15578079,34.76583481,57.25547791,71.47061157,83.83493042
i,54.5793457,38.26703262,46.32933807,55.94458389,31.48674393,52.73431778,46.44983673,38.20000076,22.79159546,50.0950737,46.55767441,39.61673737,23.86725044,45.5031395,42.4545784,37.20314026,35.16143036,59.81269073,74.11427307,86.3141861
i,54.57934952,38.18321609,46.32487488,55.66825867,31.48674393,52.3204689,45.76115799,37.65380859,22.79158974,49.57572937,45.64197159,38.77066803,23.86724472,44.6715889,41.75009537,36.8220253,35.16142654,59.16508865,73.08106995,84.9903717
i,54.57935333,36.35998154,43.10535812,52.53939056,31.48674583,50.0939064,44.41139603,37.36003876,22.79159355,47.57950211,43.44408417,37.1972084,23.86725044,43.11959457,39.8911972,35.4491539,35.16143036,56.01993561,68.48485565,79.27516174
i,54.57934952,37.44254684,44.40028381,53.22106552,31.48674583,50.04620743,44.00193024,36.59088516,22.79159355,47.1853981,43.75569916,38.19320679,23.86724472,42.55503082,39.89048386,36.24388885,35.16142273,57.55657578,71.31504822,82.68617249
i,54.57934952,35.61426544,42.49969864,52.03705597,31.48674393,50.29831314,44.89551163,37.93296814,22.79158974,47.9797821,43.87198257,37.50197601,23.86725044,45.93650436,42.28156662,36.66449356,35.16142654,54.63123322,66.42366791,76.61518097
i,54.57934952,37.11157227,42.22891617,48.98646545,31.48674393,48.79193878,45.3325882,40.5582962,22.79158974,46.49812698,44.10168457,39.76919556,23.86724281,43.49791718,41.69118881,38.47803879,35.16142273,54.50252151,67.13386536,78.16343689
i,54.57934952,40.08983612,48.65641022,57.94057083,31.4867363,52.90299988,46.74444962,38.19560242,22.79159355,50.50730515,46.75564957,39.62217331,23.86725616,44.96672821,41.73301315,36.61485672,35.16143417,59.96345901,74.74748993,87.51146698
i,54.57935333,40.94843674,49.37408447,59.35842133,31.48674583,51.39859009,45.34523773,37.45740128,22.79158974,48.57847214,44.93307495,38.66172028,23.86724472,43.13023376,40.23143005,35.93720245,35.16143036,59.44026947,73.77094269,85.9409256
i,52.28522491,33.89647293,41.75611496,51.32255173,30.16326904,52.3639679,47.57136917,40.06807709,21.83359146,50.53974152,46.72915268,38.88412857,22.86403656,46.34243011,43.07023239,36.43102646,33.68348694,57.74256897,72.06964111,84.50803375
j,52.97906494,41.08058548,43.13344955,44.92353821,30.56354332,47.8516655,42.62524796,37.17283249,22.12333298,46.36863327,42.80879974,37.68213654,23.16745186,42.55848312,39.94704819,36.146492,34.13048172,59.32461929,74.66880798,87.91990662
j,52.97906494,36.5676651,42.75008392,50.93716049,30.56354332,52.43560028,47.08483887,39.79534912,22.12333488,49.23191833,44.76884079,37.44506836,23.16744995,44.64497375,41.46571732,35.8862648,34.13048553,59.53764343,74.33586884,87.13056183
j,52.97906876,36.44248581,42.907547,52.47391129,30.56354523,52.9649086,48.74245834,41.28868103,22.12333488,49.98116684,45.86017227,38.53142166,23.16745186,46.32678223,43.05477905,36.70236206,34.13047791,59.18310547,73.50223541,85.50660706
j,52.97906876,48.76410675,65.88975525,83.76339722,30.56354332,50.10286713,46.75727463,41.43272018,22.12333488,48.95626068,46.37455368,40.22842026,23.16744614,44.09978485,42.01614761,37.09963989,34.13047791,59.43903351,74.7274704,88.15979767
j,52.97906494,38.49715042,46.91735458,54.95069885,30.56354523,53.26134491,48.62033463,41.48555756,22.12333488,49.24302292,46.20001984,39.77322006,23.16745377,43.8572197,41.02605057,35.99970627,34.13048172,58.86644745,73.02114105,85.31851196
j,52.38492966,35.69565201,42.77578354,50.84909821,30.22078514,49.36526871,42.84552002,35.36763,21.87523079,45.76366425,40.57688141,33.55952835,22.90763855,41.06645203,37.27517319,32.3544693,33.74772263,57.23449707,70.91573334,82.64124298
j,52.38492584,39.2796669,47.59680557,56.07997894,30.22078133,50.95724869,46.05820847,39.58332062,21.8752327,47.59521866,44.3141098,38.2489624,22.90764809,42.76059723,40.29528046,35.88752365,33.74772644,57.92959976,71.74930573,83.45549011
j,52.38492966,35.6515274,44.11218262,53.46280289,30.22079277,52.33145905,47.53157806,40.95634079,21.87523079,47.46763229,44.22102356,37.75406647,22.90763474,42.42153931,39.79059601,34.88328552,33.74772263,57.64292145,70.78691101,81.5918808
j,52.38492966,47.18476486,60.65613937,52.86865997,30.22078514,53.43989944,51.99102783,46.58782959,21.87523079,51.02400589,47.62987137,40.73606491,22.90764046,46.86150742,45.54304886,39.88829803,33.74772644,56.58850098,69.97756195,81.79626465
j,52.38492584,37.63832474,45.51528549,53.38333511,30.22078705,50.21141052,44.82757568,38.03238678,21.87523651,46.94127274,43.52211761,37.49498749,22.90764236,41.94309235,39.16427994,34.81481552,33.74772263,58.19868088,71.66856384,82.68063354
j,52.68922043,41.83390045,51.64277267,62.81452942,30.39632988,52.11366272,48.36021805,42.13869476,22.00229454,46.46846771,42.01398087,35.45275879,23.04070854,41.7262001,37.66296768,32.58193207,33.94376373,53.39483261,65.08139038,75.83940125
k,52.77739334,28.84755707,40.37405396,55.92906189,30.44720078,64.69111633,85.31422424,99.89852142,22.03911972,64.3132782,89.24876404,105.6019821,23.07926178,51.77197647,55.23212814,52.66864395,34.00056076,47.32024002,48.03384399,45.63887405
k,52.77739334,28.78192139,40.23970413,55.73308563,30.44720078,64.58047485,85.19264984,99.79806519,22.03911781,64.39253235,89.36149597,105.7543106,23.07926178,52.42176437,56.45378494,54.29106903,34.00056076,47.62243652,48.70867157,46.85245514
k,52.7636528,30.12483215,38.95523834,52.3614769,30.43927002,62.87953568,82.3062973,96.11360168,22.03337669,61.84738541,85.27515411,100.5991211,23.07324982,44.44373322,42.84065247,37.66947556,33.99170303,43.39565277,40.48436737,35.95053482
k,52.7636528,29.69953156,39.96557617,54.54063797,30.4392643,61.9312439,81.02771759,94.66251373,22.0333786,60.61113358,83.8830719,99.03115845,23.07324219,44.34028244,42.71427536,37.44934464,33.99170685,43.09843063,39.66526031,34.69843292
k,52.76364517,31.3014183,42.21969223,56.95682526,30.43926811,62.03343964,81.07291412,94.56371307,22.03338623,60.66834641,84.08297729,99.22743988,23.07325363,43.20522308,41.73700714,37.20480728,33.99171066,42.13351059,39.01704407,34.93129349
k,52.7636528,31.95911789,43.09709167,57.72562408,30.43927956,59.08897781,77.18495178,90.11054993,22.03338432,60.11742783,82.9107132,97.35067749,23.07324409,43.83023453,44.51577759,41.52017975,33.9916954,41.00457001,39.73005676,37.58912659
k,52.76364136,29.730093,40.09838104,54.81436157,30.43926811,60.96752548,79.84228516,93.35029602,22.03338242,60.53765869,83.77437592,99.02180481,23.07325745,45.49699783,43.34072113,37.61720276,33.99170685,42.94154358,40.28131485,36.01913452
k,52.7636528,28.25516701,37.42767715,51.58811569,30.43926239,61.82681274,80.74240112,94.14451599,22.03338623,60.46302795,83.25019073,97.95172119,23.07325554,43.07085037,40.5207901,35.6439209,33.99171066,42.64842987,38.47537613,33.45288849
k,52.7636528,28.91540146,38.36168671,52.36325836,30.43927002,60.85861969,79.74276733,93.36584473,22.03337669,61.13698196,84.36582184,99.72531128,23.07324409,45.56217957,44.04628754,38.59197617,33.99170303,43.31389236,40.86294937,36.55756378
k,52.76364517,30.23004532,39.79602432,53.60441589,30.4392662,60.18523407,78.96538544,92.50327301,22.03338623,60.99185562,84.55084229,100.0343094,23.07325172,46.66909027,45.28710938,39.61051941,33.99170685,43.4425621,40.7925148,36.51626587
k,52.76364517,36.47082138,38.10477829,47.07203293,30.43927383,61.97491455,80.44168854,93.61120605,22.03338242,59.99453735,82.39563751,96.99102783,23.07325172,41.48561859,39.07047272,35.18949127,33.99170303,42.77234268,37.33045959,31.14882278
k,52.76364899,30.72639656,39.83085632,53.21160507,30.43926811,60.02471924,78.82753754,92.37146759,22.03338051,61.11935425,84.46045685,99.86330414,23.07325363,46.99721909,44.79491425,38.25034332,33.99171448,44.46507263,40.83283615,35.26778793
l,53.33396149,49.00933456,64.96401978,80.93235016,30.76828384,62.11237335,81.36166382,95.02003479,22.27153778,50.4522171,48.05953979,41.20996857,23.32265091,43.48597717,40.12171555,34.69823456,34.35911942,43.58755112,39.2938652,33.86775589
l,53.33396912,46.93000031,64.67092896,82.43392944,30.76828575,62.22188568,81.72862244,95.15848541,22.27153587,60.41442108,70.69869995,72.16265106,23.32264519,54.58642197,64.38277435,69.62867737,34.3591156,53.96792603,57.85096359,58.53761673
l,53.33396912,48.72104645,64.22705078,79.8633194,30.76828384,61.71028137,80.8903656,94.6098175,22.27153587,47.34248352,43.46955872,36.92641068,23.322649,42.02854919,38.80542755,33.99074936,34.35911942,41.52416992,37.82229614,33.74830627
l,53.3339653,53.56096649,71.88804626,89.10364532,30.76828575,61.58541489,80.74512482,94.36160278,22.27153587,50.18038177,48.57448959,42.67418671,23.32264709,43.47538757,41.27668381,36.55429077,34.3591156,43.60809326,39.46294785,34.15553665
l,53.3339653,55.37556839,74.26777649,91.81623077,30.76828575,61.79601288,81.00473785,94.65886688,22.27153206,51.04597473,49.19485855,42.91772842,23.32264328,44.40696335,42.23364639,37.14863205,34.35911942,44.5095253,40.66480255,35.10157776
l,53.33396912,42.79610062,56.31847382,71.98027039,30.76828766,61.77590942,80.93670654,94.63332367,22.27153587,47.21028137,43.68857574,37.59568787,23.32264328,41.34951401,38.49020004,34.34803391,34.3591156,40.98508072,37.53062439,34.00456238
l,53.33396149,39.24296951,50.46746445,64.27738953,30.76828575,61.52055359,80.55878448,94.19237518,22.27153778,46.26871109,41.98545074,35.60379791,23.32264519,40.95246887,38.07757187,34.05198288,34.3591156,40.34824371,37.59501648,34.95596695
l,53.33396912,45.74766922,61.16005325,77.41127014,30.76828194,61.32585144,80.29418182,93.80990601,22.27153778,46.32767105,42.314888,36.18108368,23.32264328,40.39559174,37.37767029,33.63591003,34.3591156,40.32902908,36.4747467,33.00881958
l,53.3339653,51.28995895,63.33416748,77.75162506,30.76828384,60.08437347,78.20046997,91.01186371,22.27153587,50.22851944,51.22320175,46.93084717,23.32264328,45.08651352,45.33583832,41.30668259,34.3591156,46.77187729,43.95519257,38.1306572
l,53.3339653,50.83750916,63.66047287,78.84566498,30.76828766,60.00349808,77.84299469,90.47148132,22.27154541,48.03961945,45.23150253,39.35386658,23.32265282,42.77332687,39.35599899,34.15536499,34.3591156,44.3192482,38.62275314,31.46360588
l,53.33396149,51.27857208,64.73797607,79.72940063,30.76828384,59.49898529,77.61428833,90.44869232,22.27153969,48.12470245,44.69931412,38.57529449,23.32265091,42.80077744,39.74900818,35.02933502,34.35912704,43.87176514,38.23525238,31.64021683
m,51.99616241,29.20092392,38.73957062,50.57069016,29.99650764,51.67959595,49.47463226,43.53942871,21.71289063,50.09928131,48.36223602,42.37450027,22.73763466,43.50777054,41.79681778,37.22705078,33.49727631,42.80874634,39.13262939,33.77028275
m,51.99616241,29.84524155,39.52138901,51.46655273,29.99650955,52.85200882,50.74827957,44.49225998,21.71289253,50.13832855,49.26830292,43.59470367,22.73762894,43.72885895,42.52474976,38.22559738,33.49727249,43.03652191,40.04309845,35.30716705
m,51.99617386,30.1154232,39.89899063,51.73314285,29.99650955,54.2836113,53.64612579,47.7388382,21.71289063,52.14676666,51.78768921,45.90477753,22.73763466,45.12451553,44.52405548,40.01813889,33.49727249,43.97046661,41.31302643,36.53245926
m,51.99616623,28.78316689,38.29003143,49.92513275,29.99651146,50.70026779,47.11258698,40.69292831,21.712883,48.27445602,46.31941986,40.65497208,22.73762894,42.98057556,41.13337326,36.74221802,33.49727249,42.50709152,38.85049438,33.68512726
m,52.02731323,25.74733734,35.96702194,50.2170105,30.01447487,46.06755066,43.25947571,39.36043549,21.72589493,43.48289108,41.49321365,38.30931091,22.75124931,39.34487534,37.9331398,36.29016876,33.5173378,39.70722198,37.21195221,35.07870102
m,51.36284637,25.49406624,35.13143921,48.407444,29.63115692,46.44454575,42.55564117,37.81671906,21.44842529,44.11159515,40.41625977,35.6439476,22.46069145,39.67003632,36.67415619,33.40002823,33.08927536,39.95649338,35.91343689,31.8626442
m,51.362854,29.01551056,39.00326157,52.18341827,29.63114929,50.66698837,46.86760712,39.91059113,21.4484272,47.63632584,45.33153534,39.91353989,22.46068573,42.80545044,41.00569916,36.72094345,33.08927536,42.24145889,39.99241638,36.07043457
m,51.36285782,27.78232574,34.75096512,46.41563416,29.63114548,46.21762085,42.42516327,37.54514694,21.44841576,44.81534576,40.7720871,35.17641068,22.46068573,40.72274017,38.17584991,34.5225029,33.08927536,41.18796158,36.97430801,32.43222046
m,52.29621506,28.66185951,38.0188179,49.78235245,30.16961098,51.59670639,47.02906036,39.58794022,21.83818817,49.52563477,46.95886612,40.55585098,22.86885452,45.88278198,43.93040466,38.65130997,33.69057846,46.20030594,42.708004,36.50840378
m,52.29621506,28.1855278,37.65838623,49.77077103,30.16960907,51.43927002,46.92308807,39.58878708,21.83818817,49.41086197,46.90340424,40.61272812,22.86884689,45.86378098,43.95231247,38.7524147,33.69057465,46.23064804,42.92198563,36.94331741
m,54.91356277,32.5682869,43.2263031,55.30208969,31.67955208,55.65389252,52.01435089,44.4310112,22.93115616,53.33934021,52.17249298,45.88476944,24.01340675,48.51229477,47.73257828,42.79250336,35.3767395,48.17254257,45.78249359,40.36205673
m,54.91355896,31.85799026,42.60823059,54.82843018,31.67955399,53.57162476,49.4070549,42.75161743,22.93115616,51.45145798,49.58136368,44.09892654,24.01339912,46.71562958,45.06739426,40.78495407,35.37673569,46.61426544,43.90888214,39.13964081
n,54.91356277,30.17410851,40.94403458,55.71097183,31.67955208,55.53609467,51.76955795,44.54245377,22.93115234,53.20166397,50.77713776,44.16408157,24.01339722,47.364151,45.34053802,40.1708374,35.3767395,46.17205811,43.65224075,39.12044525
n,54.91356277,30.16735077,40.33640671,54.67431641,31.67955399,50.63936996,46.05423355,39.82763672,22.93115044,47.64188766,44.06622696,39.00309753,24.01339912,43.24106979,40.34235001,36.90826416,35.37673187,43.69485092,39.99604034,35.83672714
n,54.9135704,35.05376434,45.11393738,55.9751091,31.67955399,57.53887177,55.39562607,48.29309464,22.93115234,54.07048416,52.95833206,46.75690079,24.01338959,48.31788254,47.12788391,42.0066185,35.37673569,48.18143082,45.00537872,39.20496368
n,54.91356277,33.67909241,44.36149979,56.82172394,31.67955589,57.06049347,53.60272217,45.84013367,22.93115616,53.37693024,51.08652878,44.24129486,24.01340485,47.78063202,45.6985054,40.18694305,35.37673187,47.94681168,45.25224686,39.82576752
n,50.87722015,29.39388275,38.07476807,49.28372574,29.35099411,51.91925049,48.58863831,41.52394104,21.24563408,49.81070328,47.33611679,40.09863281,22.24833298,43.51835251,41.11446381,35.44021606,32.77642441,43.51018524,39.02415466,32.50539398
n,50.87722778,29.48424339,38.31570816,49.68363953,29.35099411,52.76914597,50.0306015,43.09065628,21.24562836,50.47338104,48.2866745,40.96605682,22.24832535,44.08240891,41.85997772,36.01220322,32.77642059,44.03117371,39.6002388,32.87063599
n,50.87722015,31.88304138,40.878479,51.2967186,29.3509922,53.36992264,51.59404373,44.85930252,21.24563599,49.88480759,48.27919006,41.39406204,22.24832153,44.27729416,42.25867462,36.29669189,32.77641296,44.34170914,40.66296005,34.23025894
n,50.87721634,32.76749802,41.38743591,50.67140961,29.3509903,54.29594803,54.26774979,48.33066177,21.24563789,50.84970093,50.92512131,44.90311813,22.24832726,44.87599945,43.7886467,38.34536743,32.77643204,44.72496414,41.43879318,35.19607925
n,50.8772316,35.59215164,43.42031479,51.08600998,29.3509922,53.8053894,53.92143631,48.42664719,21.24563026,51.00527573,51.87114716,46.58206558,22.24832344,45.76397324,45.98539352,41.30403519,32.77641296,45.60406876,43.34623718,37.8011322
n,50.87722778,35.31616592,43.02431107,50.58963776,29.35099411,53.27985382,52.76867294,46.9637146,21.24563026,50.43497467,50.78983307,45.31475067,22.24831581,45.29173279,45.17594147,40.42079926,32.77642059,45.31373978,42.90146637,37.3245697
n,50.87722015,33.34239197,42.80253983,52.88595963,29.35099602,56.1222229,57.90929031,53.6521759,21.24563217,51.24803925,53.04026031,48.59532928,22.24832535,43.24596405,43.16776657,39.1838913,32.77641678,41.71407318,38.85497284,34.50131607
o,51.13911819,46.08289719,59.20273209,67.93530273,29.50208282,57.03860855,59.21295547,56.23511124,21.35499954,46.14424133,42.9876976,37.33472061,22.36286545,40.78871155,38.55451584,35.58644104,32.94515228,43.6627121,38.25347519,32.58192444
o,51.13925552,37.91503906,46.61070251,54.98981476,29.50216675,55.07853317,56.19280243,50.16195679,21.35506439,55.14957428,56.89702988,49.47610474,22.36291695,48.52952576,51.87996674,47.91055298,32.94523239,48.28581238,48.54047394,44.19449997
o,51.13925552,42.6072464,52.52960968,60.52768326,29.50216293,56.17476654,58.39930344,53.14845657,21.35506058,54.62561798,58.31760025,53.10391617,22.36291504,49.83207703,53.64256287,49.8232193,32.94523239,48.60811996,49.31225967,44.68270874
o,51.13925171,42.70176697,53.18342972,61.64153671,29.50216293,56.90657425,58.5643959,52.8891449,21.35506248,54.96202469,58.12369537,52.73568344,22.36292076,49.96628571,53.8155632,49.75454712,32.94523239,48.40684128,48.98878479,44.24001694
o,51.13925552,44.14244843,55.04860306,63.15320206,29.50216293,58.3252182,64.621315,61.03479767,21.35505676,56.12928772,62.39632797,58.9294014,22.36291695,51.12763977,55.19799423,51.60204315,32.94523621,48.97045898,50.22088242,46.59811783
o,53.82233429,36.56236649,48.92808151,62.17448044,31.05002594,61.69149017,66.89321136,63.55630493,22.4754734,60.73950958,67.02684784,65.00151062,23.53621101,55.98939514,68.79532623,70.71096802,34.67374039,52.15493011,61.40572357,62.87152481
o,53.82233429,39.73908615,50.79166794,60.99516678,31.05002594,58.50798416,60.0381546,55.17139816,22.47547722,57.19347382,61.80296707,58.75757217,23.53621101,51.50803375,56.81253052,54.97639847,34.67375183,51.31055069,55.60726166,54.88951492
o,53.8223381,37.76182938,49.49824524,60.24667358,31.05002213,60.13691711,61.80820465,56.43057251,22.4754734,58.89225769,64.12054443,61.79989624,23.53621483,54.15700912,62.55670929,59.24888229,34.67375183,52.81159973,60.07649994,58.04198074
o,49.13446808,36.07251358,45.76864243,58.20223236,28.34560013,55.1975174,61.45623016,60.43276596,20.51788712,55.27669144,67.6607132,69.11282349,21.48623276,51.31706619,65.41054535,69.67411041,31.65369606,48.29809189,55.36000443,58.38072968
o,52.32961273,39.47699356,50.06972504,60.73744202,30.18887138,53.58362198,59.03381348,59.56855392,21.85213089,51.33612823,61.35365295,65.18717194,22.88344574,46.24587631,56.55694962,61.45169067,33.71208954,45.89478302,50.24339294,52.71127319
o,52.32960892,43.15316391,53.74867249,62.34586334,30.18887329,59.01163101,63.51892471,58.84750748,21.85212517,58.95624924,64.74169159,59.84373093,22.88344955,53.54745865,60.30607986,57.6272049,33.71208572,50.91507339,53.71979141,50.4318428
p,50.91675568,38.12801361,49.77917862,64.49717712,29.37380028,56.77437592,73.80029297,85.77919769,21.26213837,42.43215942,43.90515518,42.94952011,22.26560974,36.73487091,38.84561157,39.87075043,32.80188751,38.32531357,35.20938873,32.42253113
p,50.91675186,36.42684555,45.78985596,58.41850281,29.37380028,56.66921997,73.38850403,85.03625488,21.262146,42.54714584,44.97502899,44.62713242,22.26562119,36.79738617,39.85879898,41.3080101,32.80189133,38.32233047,35.8964653,33.66685867
p,50.91675568,37.81056213,49.36928558,63.66017151,29.37380028,56.50640869,73.49491882,85.3445816,21.26213837,42.38509369,44.83551025,44.71881104,22.26561356,36.72760773,39.92697525,41.72159576,32.80189133,38.25787354,35.97344208,34.03474426
p,53.93597794,46.05817413,58.61405945,73.54431915,31.1155777,63.37192917,80.76906586,91.42504883,22.52292633,56.9230957,67.29863739,71.60561371,23.58590508,49.60520554,58.86475754,63.42956543,34.74695206,48.93299866,52.52740097,54.40783691
p,53.93597412,37.01015472,46.87199402,60.09473801,31.11558151,63.75724411,82.18229675,93.91531372,22.52292442,59.10329437,74.85839844,82.38101959,23.58590126,49.56791687,61.85898972,69.45890808,34.74694824,47.21316528,52.02133179,55.62134933
p,53.93597412,40.20510101,51.09609222,63.53578568,31.11558533,63.87995529,82.67948914,94.98587799,22.52293015,54.31491852,60.77196121,61.83033752,23.58590317,47.43344498,53.83057022,55.38786316,34.74694824,45.85669708,47.36909103,46.78484344
p,53.32974243,40.11061478,53.85248184,68.06246948,30.76584435,62.51674271,80.76290894,93.2505722,22.26976967,46.69283295,45.93716049,42.10972595,23.32079506,39.87292862,40.30262756,38.203125,34.35639572,39.48184204,38.38822556,37.10401154
p,53.32974243,39.58371353,53.19293594,67.3997345,30.76584435,62.59614944,81.16110229,94.07893372,22.26976967,46.69814682,45.88157654,41.91908646,23.32079887,39.95023727,40.41688919,38.29888153,34.35639572,39.50175095,38.4498024,37.16515732
p,53.80052948,42.48463821,54.5865097,68.03599548,31.03745079,64.85562134,85.16194153,98.1781311,22.46637344,59.81345367,73.90988922,79.67880249,23.52667809,53.01701355,66.59770966,73.64743805,34.65969467,48.31325912,52.94339371,55.77497482
p,53.80053329,42.73304367,54.93893814,68.3788147,31.03744507,64.47471619,84.86928558,99.08781433,22.46636963,58.93095779,65.93016815,66.07502747,23.52667618,51.11802673,57.99518967,59.75571823,34.65969467,48.37000275,50.75696182,50.99533844
p,53.80053329,40.71843338,51.67156982,64.11610413,31.03744316,64.76121521,85.1053009,99.21788025,22.46637154,61.11149597,73.04229736,74.84911346,23.52667427,50.78059387,56.86880112,58.50149155,34.65969467,47.58374786,48.70833206,48.02674484
q,52.29069138,37.54925919,49.05941391,62.03192902,30.16641808,57.4521904,68.14329529,73.79569244,21.83587837,41.2582016,38.27756119,33.359375,22.86643028,35.73241425,33.71757507,31.0730381,33.68701172,36.80026245,34.74887848,33.42784882
q,52.29069138,38.74635696,50.69153595,63.6590004,30.16641998,55.64066315,64.1289978,67.80705261,21.83587837,41.09141541,38.48084259,33.6756897,22.86642838,35.73241425,34.31941605,31.85717773,33.68701553,36.80027008,35.10240173,33.89011383
q,52.29068756,37.53046799,48.90953827,61.78105164,30.16641998,57.9455986,70.02497101,77.20938873,21.83587837,41.91870499,39.38605499,34.37848282,22.86643028,36.06552505,34.15221786,31.33514977,33.68701553,37.01807022,34.96041107,33.58850861
q,52.29068756,42.90039444,53.78554916,65.021492,30.16642189,58.48867416,70.99334717,78.29969788,21.83587837,47.15660095,42.86783981,35.66235352,22.86642838,39.12459564,36.81888962,32.96667099,33.68701172,39.17702103,36.62902451,34.38825607
q,50.99142838,38.04047394,52.54993057,67.38851166,29.41687965,57.35130692,69.5552063,76.10434723,21.29332352,40.48071671,38.47525024,34.11001587,22.29826546,35.86155701,34.00271225,31.36849213,32.84999466,36.39033508,34.30680084,33.00126266
q,50.99143219,37.44982147,49.06967926,62.57958984,29.41687775,60.07630539,77.11688995,88.33714294,21.29332542,42.28780746,39.87719345,34.85827637,22.29826927,36.58635712,34.86277771,32.12471771,32.84999847,36.85416412,34.82836151,33.45557785
q,50.8807106,40.62861633,54.11442947,68.15170288,29.35300636,55.39469528,71.50270844,82.75922394,21.24708939,39.65681458,37.45378494,32.20764923,22.2498455,34.21636963,32.6751976,29.85627937,32.77866364,35.56626892,33.66157913,32.3414917
q,50.88070679,38.91403198,51.65954971,64.66842651,29.35300446,53.87235641,64.50204468,70.7816391,21.24708939,40.27825165,36.62801361,31.46388054,22.24985123,33.60308456,31.68154716,29.49470329,32.77866745,35.24592972,33.5420723,32.49124908
q,50.88070679,35.67146683,45.56616592,57.15526581,29.35300446,55.01118469,69.21856689,78.19829559,21.24708939,42.6151123,39.41930008,32.51097488,22.24985313,33.68708038,32.9092598,30.89274406,32.77866745,35.39418411,33.98687363,33.13903809
q,50.88070679,37.57488251,46.66735458,56.78782654,29.35300446,54.85040283,67.78631592,76.26764679,21.24708939,41.92840576,38.58097458,32.80602646,22.24985313,34.15288925,32.25420761,29.50082207,32.77866745,35.67276001,33.45890045,32.0012207
q,50.88070679,39.25197983,49.49144363,60.05551147,29.35300446,55.54967117,66.7000351,73.16798401,21.24709129,43.01920319,40.73121262,35.44009018,22.24985123,36.38070297,33.96533585,30.22209167,32.77866745,37.20667648,34.54132843,32.36402512
r,53.67124939,40.58956909,49.49601746,59.37903214,30.96286583,59.10100174,75.70289612,87.17432404,22.41238594,59.32199478,81.47883606,95.74037933,23.47014046,38.0329361,38.67415619,37.14481735,34.57640457,38.67916107,34.44559479,30.02986145
r,50.94046021,30.9122715,43.06659698,59.19356155,29.38747025,62.4966011,83.53462982,98.90071869,21.27203751,66.82672882,92.92185211,109.197464,22.27597618,50.31171799,51.62252426,46.78729248,32.81715775,46.42638397,44.40102768,39.1060257
r,50.94045258,32.7999382,44.30187988,59.5908699,29.38747597,62.95269775,84.36399078,99.61756134,21.27203941,66.79666138,92.72973633,109.8956757,22.27598572,50.62244034,52.64415359,48.12318802,32.81716156,46.79199982,45.1580925,40.20912552
r,50.94046021,32.86602402,44.42738342,59.79309082,29.38747787,62.947052,84.371315,99.65171814,21.27204132,66.80511475,92.80252075,109.9294586,22.27597809,50.43235016,52.44237518,47.93814468,32.81715775,46.61139297,45.04536438,40.17549133
r,50.94046021,30.90142822,43.02543259,58.78485107,29.38747406,62.91991806,84.33204651,99.68026733,21.27204132,66.71394348,92.48423767,109.6002274,22.27598381,53.80836487,56.26607895,50.45101166,32.81715775,48.7444725,47.6301384,42.14601517
r,50.94045639,33.03430557,44.65213394,59.78921127,29.38747215,62.32775879,83.60203552,98.89524078,21.27203941,66.76861572,92.68624115,109.4705353,22.27598,50.80309296,53.89772797,49.96075058,32.81715775,46.3915863,45.31095505,40.64860153
r,50.94045258,30.41041183,42.71492767,59.03364944,29.38747406,62.62677002,84.06661224,99.44765472,21.27204514,66.79534149,92.63500214,109.2676697,22.27598572,52.50174713,57.35741043,54.31943893,32.81716156,46.65132904,47.58937454,44.86989975
r,50.94046021,34.40942383,45.94010162,60.76349258,29.38747406,62.18930054,82.80010986,97.55368805,21.27203751,66.84880829,91.42435455,107.06604,22.27598,48.33747864,51.66281128,49.16103363,32.81715775,44.72323227,43.6881752,40.13648987
r,50.94045639,34.52728653,45.7353096,60.25731659,29.38747597,62.07232666,83.16242218,98.29507446,21.27204323,66.89652252,92.78586578,109.7066498,22.27598953,48.68309021,51.80464554,48.84289932,32.81716156,45.29302979,43.72935104,39.5168457
r,50.94045639,35.523983,46.73216629,61.04809952,29.38747406,61.64151001,82.56446075,97.50997925,21.27204323,66.70488739,92.6964798,109.3670959,22.2759819,51.10274506,52.47570801,47.43383026,32.81715775,47.63282394,45.33537292,39.15174484
r,50.94046021,35.27724838,46.55323029,61.04164886,29.38747406,61.72554779,82.81434631,97.89922333,21.27203751,66.74781799,92.9654541,109.8361664,22.27597618,51.06168365,52.48360443,47.55039597,32.81715775,47.83086395,45.51255035,39.30049133
r,50.94046021,28.54240417,41.19526291,57.92556,29.38747597,63.53585815,85.13633728,100.6264191,21.27204323,66.76763916,92.55445099,109.1804123,22.2759819,52.52356339,59.34794998,58.65644455,32.81715775,46.93349075,49.2155838,48.2815361
s,52.87177277,40.13343048,46.83982468,51.87129593,30.50164986,52.32905579,47.10956573,39.81100464,22.07853127,49.6443367,47.12214279,41.86340332,23.1205368,45.21035385,42.69943619,38.52987289,34.06136703,45.23377991,39.62968445,33.15215302
s,52.87177658,41.97883606,44.92101669,45.44010162,30.50165176,51.24921799,46.25654984,39.37971497,22.07853317,48.9912796,46.4525032,41.39665985,23.12053299,45.03866577,43.03816986,39.24911118,34.06136322,45.30988693,39.97154999,33.74512863
s,52.87177658,42.76034546,51.67966843,59.04918289,30.50164986,57.88537598,58.11724091,52.87654114,22.07853317,56.5280571,59.11594009,54.86170197,23.1205368,52.68580246,55.76273346,52.25262451,34.06136703,51.31927872,51.26862717,46.80311584
s,51.63878632,40.87388992,47.30504608,52.18169022,29.7903347,48.81771088,46.05202103,40.47764587,21.56365013,46.08146286,44.90487671,40.2759552,22.58135414,41.8652153,40.27457047,36.26456451,33.26703644,42.98480606,38.76959991,32.9907608
s,51.6387825,38.96668243,45.85097504,51.79649734,29.79033089,48.76296997,45.94141006,40.43763351,21.56364822,46.23040009,45.0921936,40.55434799,22.58135223,42.29935837,41.34809875,37.7320137,33.26703644,43.42712784,39.55556107,33.9259758
s,51.63877487,36.84309006,44.38672638,51.73871231,29.79034042,49.33003616,46.40306091,40.5760498,21.56365776,47.09615707,45.27963638,39.8037262,22.58135223,43.50522614,42.03219986,37.46500397,33.26704025,44.51355743,40.54118347,34.35635757
s,51.63878632,43.19005966,48.34909439,51.24946594,29.79033852,48.98243332,46.46664047,40.93654251,21.56365395,46.17761612,45.27077103,40.78227615,22.58135605,42.04618835,40.59957123,36.67036438,33.26703644,43.23451233,39.2471962,33.59872437
s,51.6387825,40.48830795,48.84502792,56.25989532,29.79033661,50.38799667,47.47136307,41.38454437,21.56365013,47.47166061,46.19179535,41.31598282,22.58134651,43.26967621,42.54133606,38.83075714,33.26702881,43.99297333,40.86803818,35.77840424
s,52.67395401,37.76993942,45.80981827,53.08421707,30.38752556,49.85594177,47.93106842,43.3944664,21.9959259,47.53795624,47.46508789,43.85454178,23.03402519,42.5051651,42.09714127,39.35198212,33.93392563,42.39138794,39.02746582,34.88062668
s,52.6739502,36.710495,44.39278793,51.44171524,30.38752556,50.23650742,46.61146545,40.53038406,21.99592209,47.89013672,45.79693985,40.44471359,23.03402519,42.67044067,40.48415756,36.26264954,33.933918,42.65041351,38.30316544,33.1571846
s,52.67395401,38.31505966,46.82225037,54.82669449,30.38752556,50.98216248,48.83007431,43.7793808,21.99592972,48.54718781,48.57268524,44.65288925,23.03403282,43.64973068,43.41017532,40.29191208,33.93392181,43.81406021,40.44692993,35.76736069
s,52.67395782,41.66269684,48.72130203,53.42528915,30.38752365,51.21045685,48.53177261,42.91306305,21.9959259,48.85897446,48.39523315,44.04920197,23.03403091,44.08786011,43.16780853,39.40626526,33.93392181,44.38686371,40.39321518,34.88633728
t,50.76644897,37.4741478,39.26015472,42.52761459,29.28708267,46.18775558,42.39538956,37.11910248,21.19937325,43.90852356,41.17832184,36.68682098,22.19988632,38.81872177,36.43748856,33.49409866,32.70505524,39.54865265,34.44709778,29.44893646
t,50.76644897,36.55313873,39.02578735,42.85615921,29.28708649,45.9180603,41.78326035,36.28984833,21.19937706,43.57826233,40.63832474,36.04672241,22.19988632,38.57608795,36.00943756,33.02054214,32.70505905,39.37313461,34.00616455,28.82163048
t,51.35102081,33.35962296,41.78190231,51.57924271,29.62432861,53.75351715,51.42642593,45.1155014,21.44349289,43.96762466,40.14925003,34.64849472,22.45551872,38.49292374,35.01103973,31.38347816,33.08166504,39.32957458,34.00079346,29.28528214
t,51.21378708,37.38536072,40.53385544,44.23677444,29.54515457,49.92289352,46.920681,40.9575386,21.38617706,47.64204788,45.35250854,39.45985031,22.39550018,42.67279434,39.94337845,34.7804184,32.99324036,43.2603035,37.93386078,31.09098053
t,51.21378326,35.35115433,40.60778046,46.79684448,29.54515457,51.15167236,48.02672577,41.5564003,21.38618088,48.45763779,45.96591949,39.57955933,22.39550591,42.95114517,39.94856262,34.45792007,32.99324417,43.22613525,37.9938736,31.33930588
t,51.21378708,34.35351563,40.06183624,46.18774033,29.54515457,48.73192596,45.51609039,40.08632278,21.38617325,44.79656601,42.59451675,38.01373672,22.39550209,38.27722931,36.03056717,33.06967926,32.99324417,39.00048828,34.35027695,29.94005013
t,51.21377945,33.28063202,39.1607933,45.56227875,29.54515648,49.4629097,45.86303711,39.68026733,21.38617516,45.3124733,42.42709351,37.0059166,22.39550591,38.99281693,35.97293854,32.14838791,32.99324036,39.65061951,34.5538063,29.51618767
t,51.21377945,37.74740982,47.95816422,57.41129684,29.54515266,55.28770447,57.41249847,53.63714218,21.38617897,44.8685379,41.40245438,35.31317139,22.39550781,38.99470901,36.16420746,32.18819427,32.99324799,39.02096176,35.42149734,32.10871124
t,51.21378326,35.2122345,39.88835144,45.04162598,29.54515457,47.25473785,43.51551819,38.25870514,21.38617325,43.38319397,40.77800751,36.3907547,22.395504,37.06419754,34.64364243,32.22573471,32.99324417,38.07761383,33.08313751,29.01169586
t,51.21378708,34.54291916,40.34296799,46.64164352,29.54515076,48.67285919,45.14083099,39.61145401,21.38617516,43.71900177,40.90924835,36.1266098,22.39550209,37.50630569,34.85295105,31.99213982,32.99324036,38.3066597,33.44009399,29.34788132
t,51.21378326,36.80306625,44.57634354,51.90629578,29.54515648,50.23071671,48.14397812,42.68223953,21.38617706,44.61025238,42.44511414,37.49352646,22.395504,38.82142639,36.66489792,33.24007034,32.99324036,39.37779999,35.0016098,30.62979507
u,53.61465836,31.95418549,43.29527664,58.65544128,30.93021393,62.62136841,82.92440033,97.50956726,22.38874626,65.69177246,90.643013,106.9271927,23.44539261,47.7899704,51.77301407,50.00325775,34.5399437,44.01356506,44.96681976,44.16718674
u,53.61465454,32.04532623,43.31147003,58.66720581,30.93021393,63.24478149,83.70870209,98.40718079,22.38874817,65.56474304,90.72635651,107.2043381,23.44538879,47.52119446,52.59711838,52.14621353,34.5399437,43.73514557,45.37017059,46.00927353
u,53.61465073,31.21912384,42.6739502,58.27304077,30.93021202,64.29836273,85.03161621,99.8637619,22.38874817,65.44132996,90.85289001,107.5005875,23.44539261,47.8621254,53.07289124,53.08361816,34.53994751,44.00004196,46.05541229,46.79347992
u,53.61465073,30.96733284,42.67054367,58.4489975,30.93021202,65.16107941,86.07292938,101.0198364,22.38874817,65.58661652,90.96401215,107.5841064,23.4453907,47.23354721,57.86255646,63.11679077,34.53994751,43.16601563,47.95100021,52.64871216
u,53.61465073,33.91563797,45.60862732,60.42066193,30.93021393,63.02811813,83.46469879,98.0951004,22.38875008,65.41629028,90.78222656,107.327095,23.44539261,45.77902985,52.36110306,54.3841629,34.5399437,42.60665512,45.68693542,48.33529282
u,53.61465454,35.63419342,46.76672745,60.71509552,30.93021393,62.33344269,82.6971283,97.47785187,22.38875008,65.4295578,90.67612457,107.0349655,23.44539642,46.83483887,51.26340866,50.93175888,34.5399437,42.80236816,45.85951996,48.60118866
u,53.61465073,34.36857224,45.92819214,60.40106201,30.93021202,62.69718933,82.9785614,97.54426575,22.38874626,65.31147003,90.63952637,107.2540665,23.44539261,47.81192017,52.03071594,51.01863861,34.53994751,43.06398392,45.58995438,46.49546432
u,53.61465073,33.07480621,44.79996872,59.68722534,30.93021584,63.15501785,83.5530777,98.14404297,22.38875198,65.43761444,90.72268677,107.2139206,23.44539833,48.48846436,54.26776123,54.79001236,34.5399437,43.77594376,46.89896774,48.39530945
u,53.61465454,33.35824585,44.93106842,59.82521439,30.93021202,65.28409576,86.24690247,101.2002106,22.38875008,65.45750427,90.91181183,107.5726013,23.44539261,47.43656158,56.6866684,61.07623672,34.5399437,43.20817566,47.21806717,50.79539108
u,51.88204193,29.96648788,40.33668518,54.72308731,29.9306736,61.33029938,80.67936707,94.51161194,21.6652317,61.6713829,85.30274963,100.8275681,22.68773079,47.05260468,50.48505402,47.83869553,33.42375183,43.84729767,44.15535736,41.98962021
u,51.8820343,30.94981766,40.90838623,55.0099411,29.93067169,59.45495605,78.39392853,92.04631805,21.66523743,61.53074646,84.91036987,100.2873917,22.6877346,45.17668152,47.0705986,44.28704453,33.42375565,43.07756424,42.02201843,38.88218689
v,51.6301384,30.32104492,39.57518387,52.79298401,29.78534889,61.08646774,80.05225372,93.49204254,21.56003761,60.41690063,83.3891449,98.27301788,22.57756805,47.87765503,47.40865326,41.42892838,33.26147079,45.99068069,43.58200836,37.79178619
v,51.63013077,33.59244156,41.63193512,53.04171371,29.78534889,62.03746796,81.14574432,94.62682343,21.56004333,60.16253281,83.1240921,98.06198883,22.57757568,43.49362946,42.68527985,38.25037003,33.26147079,42.80751419,39.63568115,34.59757233
v,50.97685242,33.31613922,42.17032623,54.25623322,29.40847015,60.16772842,78.50963593,91.51078033,21.28724098,58.51195145,80.49872589,94.71601105,22.29189873,41.10675049,43.62503052,42.611763,32.84060669,39.32024765,39.04146576,37.92237854
v,50.97685242,35.16101074,43.11265564,54.04916,29.40847206,60.12147141,78.35923767,91.25592041,21.28723717,58.41973114,80.37487793,94.57065582,22.29189682,40.25554657,40.38181686,37.73123932,32.84060287,39.49263,37.19639587,33.96562958
v,50.9768486,35.48881149,37.69895172,43.10917282,29.40847206,58.86840439,76.91730499,89.81425476,21.28723907,45.31139374,65.94671631,71.61686707,22.29190063,39.89606857,37.15398026,32.74858856,32.84060669,39.2231636,36.29670334,33.04659653
v,50.9768486,38.68202209,46.3248558,55.57421494,29.40847015,60.1412735,78.35099792,91.259758,21.28723907,58.66849136,80.65284729,94.87255096,22.29189682,41.34138107,40.74717331,37.25732422,32.8406105,40.38404465,37.95607758,34.79051971
v,50.97685242,35.61459732,44.27213287,55.30167007,29.40847206,61.00369644,79.57778931,92.66036224,21.28723717,58.12738419,80.02487946,94.18867493,22.2918911,40.31254578,43.33943939,43.12767029,32.84060287,38.93927002,39.01728058,38.56659698
v,50.97685242,35.2630806,43.18143845,54.07701111,29.40846825,61.099823,79.58695221,92.55416107,21.28723907,58.41978455,80.37488556,94.51010895,22.29190254,38.66637802,39.3702774,37.84563065,32.8406105,38.44964218,36.51511765,34.24563599
v,50.9768486,37.1074791,44.39676285,53.82069016,29.40847206,60.70075989,79.09660339,92.06162262,21.28723907,58.75402451,80.73584747,94.86224365,22.29189491,39.79665756,39.10723495,36.01383591,32.84060669,39.08206558,36.74151993,33.89966202
v,50.9768486,36.15370178,43.75373459,53.5182724,29.40847015,60.32164001,78.66358185,91.66123962,21.28723907,58.85476303,80.93820953,95.28164673,22.29189491,41.65871048,42.06074524,39.19721603,32.84060669,40.25543594,38.3849411,35.5172081
v,52.46636581,33.79347229,42.89511871,55.72689438,30.26776886,62.28203583,81.48577118,95.04837799,21.90924072,61.10630798,84.35186768,99.39450836,22.94324875,43.74848175,44.40403366,41.39007187,33.80018616,42.18180847,40.05078125,36.47161102
w,53.85388565,33.57930374,42.76328659,55.99630356,31.06822968,63.50364304,82.99686432,96.68743896,22.48865128,62.74352646,86.54652405,101.9943008,23.55000496,59.29850006,81.99581909,97.08521271,34.69406891,46.46033859,46.54176712,44.92111588
w,53.85389328,29.14805603,38.92916489,53.17190552,31.06822777,63.96841431,83.60890961,97.4706955,22.48864746,62.80947495,86.63614655,102.1635742,23.55000687,58.92832184,81.45180511,96.41786957,34.69406891,48.38970566,48.71588516,46.12770844
w,53.85388947,32.50268555,41.85199356,55.28504181,31.06822777,63.54685974,83.1654129,96.96442413,22.48865128,62.56271744,86.42727661,101.9602585,23.55000305,59.39429092,82.16028595,97.24926758,34.69406509,48.80290222,49.16602707,46.95897293
w,53.85388947,31.0068512,40.46198273,54.27082443,31.06822968,63.94258881,83.61161041,97.45560455,22.48864937,62.70926285,86.54838562,102.0700455,23.55001068,59.35435104,81.9950943,96.97322845,34.69406509,48.41946793,49.25203323,47.46434021
w,53.85389328,27.00764084,36.64255142,51.24352646,31.06822395,64.08679199,83.67002106,97.51007843,22.48864555,62.77135849,86.52618408,101.9620056,23.55000687,58.99630737,81.44058228,96.42807007,34.69407272,48.68065643,48.39545059,45.15238571
w,53.85389328,26.74086571,36.38008118,51.00314331,31.06823349,63.97382355,83.56079865,97.38211823,22.488657,62.69496918,86.45223999,101.9014816,23.55000687,59.08073425,81.55015564,96.51791382,34.69406509,48.90122604,47.6529808,43.45618439
w,54.86647415,28.89492035,40.42493057,56.96707153,31.65238953,67.13455963,88.48233032,103.5143127,22.9114933,66.74550629,92.64519501,109.4378815,23.99280739,62.33414841,86.77684784,103.0065002,35.34640121,48.50517273,51.11165237,51.8129425
w,54.86647797,28.76496315,40.24692917,56.73862457,31.6523838,67.49814606,88.83120728,103.754715,22.91148567,66.86460114,92.76393127,109.5302505,23.99280357,62.42723846,86.88615417,103.0926743,35.34640121,49.44163513,51.73920822,51.82701874
w,54.86647797,27.49242401,38.83185959,55.27690887,31.65239334,68.07281494,89.46827698,104.3628845,22.91149521,66.85445404,92.84062195,109.7408905,23.99280357,62.90324402,87.5262146,103.7873993,35.3463974,50.71997452,53.2115097,53.46924591
w,54.86647415,33.26145172,43.94044495,59.01023102,31.65238762,66.67494965,87.98969269,103.0231476,22.91149139,66.71309662,92.68366241,109.5990219,23.99280739,62.91563416,87.77158356,104.3467712,35.34640121,49.79030609,51.38046265,50.67176056
w,54.86647415,28.9625988,40.33537674,56.61494446,31.65238571,67.55802917,89.10941315,104.3463516,22.91148949,66.70288086,92.74464417,109.7900162,23.99280357,62.74730682,87.5810318,104.1455994,35.3463974,50.09371948,52.95032501,53.62759399
x,51.63549805,32.38946152,39.58140182,48.44221878,29.78844261,57.91437912,70.36547852,74.4289093,21.56228447,49.04419708,47.71186447,41.84688187,22.579916,43.4058075,41.65342331,36.55845261,33.26491928,44.10115051,39.66780853,33.09126282
x,51.63550568,32.71756744,40.41871643,49.52604675,29.78844452,58.35632324,69.05730438,70.0124588,21.56227493,50.31362152,50.0201149,44.39873123,22.57990837,44.68949509,43.61304855,38.48698807,33.26491547,44.91777039,41.10503006,34.70957565
x,51.63549423,32.2186203,39.58875656,48.87498093,29.78844261,58.20837784,71.79065704,78.49832153,21.56228065,49.57437515,48.69530869,42.90859222,22.57992172,44.05083084,42.56323624,37.36394119,33.26493073,44.7131958,40.39570618,33.65430069
x,51.63550568,30.27868462,38.50999451,48.60768509,29.78844452,58.6847229,72.92014313,79.33838654,21.56228638,47.76690674,45.51370239,39.42055893,22.57991791,41.81483078,39.34450531,34.50925446,33.26492691,42.84421921,37.54563904,30.8908844
x,51.63550186,32.79008865,39.53253174,48.71919632,29.78844643,56.76266098,71.95284271,81.82796478,21.56228065,50.26237488,49.64233017,43.70992279,22.579916,44.75032043,42.95858765,37.37943649,33.26491928,45.85608673,41.48896408,34.45292664
x,51.63549805,25.91367149,34.89907455,47.94371796,29.78844833,58.33461761,67.57189941,68.10678864,21.56228638,44.77745438,41.63581085,36.3036232,22.57992363,39.6639061,36.69332123,32.80183411,33.2649231,41.03674316,35.51833344,29.40307426
x,51.63549805,26.05765724,35.1222229,48.47497559,29.78844452,56.07162857,67.30908966,72.97653198,21.56228256,46.63110352,43.55391312,37.4477272,22.579916,41.88223648,39.20642853,34.37007141,33.2649231,42.64863968,37.30467606,30.71570778
x,55.84386063,33.53504944,43.22989273,54.98681259,32.21623993,60.9943924,67.17767334,64.18096924,23.31962585,49.67137146,47.44414902,42.18000412,24.42020226,43.17749023,41.12738037,37.85512924,35.97605515,44.32975769,38.54788971,32.28115845
x,55.84386444,34.57753372,44.64488602,57.12900162,32.21623993,59.81496811,65.08451843,62.56797409,23.31963539,49.76707077,47.54434586,42.06528854,24.42021751,43.46328735,41.33718109,37.60680008,35.97606277,44.66157532,39.00699997,32.52752304
x,55.84385681,43.95541763,51.99547958,59.46136475,32.21623993,58.24551773,71.78502655,72.98044586,23.31963921,48.24373245,45.82798386,40.81653214,24.42021751,42.35943222,40.42568207,37.26421738,35.97605896,43.91650009,38.61849976,33.0245018
x,55.84386444,30.72402573,41.13595963,54.98231506,32.21623611,62.05410385,68.68687439,65.25856781,23.31963539,50.44049454,47.92235565,42.34214783,24.42021561,44.35534668,42.27261353,38.62617493,35.97606277,44.24428558,40.57149887,36.43403244
y,49.67628479,47.16129303,62.75474548,77.19496155,28.65817642,51.59124374,58.8066864,59.97997665,20.74413872,50.01496887,59.09276199,63.82212448,21.72316551,50.17701721,63.76878357,70.2970047,32.00274658,54.51533508,67.4771347,78.77540588
y,50.98031616,47.56253052,60.5112114,75.15593719,29.41046333,47.80286026,44.43998337,38.3343277,21.28867912,44.6437645,42.1950798,36.25936127,22.29340553,40.85407639,38.58462143,33.82743454,32.84283066,55.43452454,67.98587799,78.05851746
y,50.98031235,47.89676666,60.77511597,75.25249481,29.41046333,47.87048721,44.56965256,38.54125214,21.28867912,44.7462883,42.08848953,35.99555969,22.29340553,41.10850906,38.79049683,33.83850861,32.84283447,55.2652092,67.5659256,77.4211731
y,50.98030853,50.70464325,64.67173767,79.64756012,29.41046906,47.19536591,43.3398056,37.4166832,21.28868675,44.02758026,41.88986206,36.88004303,22.29341125,40.18893814,38.53722,34.64300919,32.84283447,55.97470474,68.782341,79.00087738
y,50.98030853,50.65169907,65.16378021,80.00411224,29.41046715,49.40058517,47.3270874,41.91790771,21.28868675,46.61178207,45.21883774,39.60515976,22.29340744,42.49772644,41.5671196,37.08898544,32.84283829,55.99502563,68.53855133,78.67337799
y,50.98031235,53.05937576,68.12162781,80.47702026,29.41046333,48.23311615,44.79350281,38.79856491,21.28867912,45.85354614,43.43458939,36.89165497,22.29340363,42.08525848,39.92192841,34.41863632,32.84283829,56.09737396,68.48098755,78.20055389
y,50.98030853,49.79225922,62.10903549,74.58777618,29.41046143,46.16551208,41.20744705,34.51073456,21.28868294,43.16390228,40.10055542,34.40764999,22.29340744,39.42296982,36.75509644,32.42238998,32.84283829,54.06251526,65.51354218,74.89735413
y,50.98030853,48.13851929,57.28100967,66.64428711,29.41046333,46.63296509,41.7797966,35.16321564,21.28868294,43.59858704,40.86076736,35.36935806,22.29340744,39.97843933,37.75717163,33.60179901,32.84283447,54.2013092,66.52206421,76.92533112
y,50.98030853,43.97249603,51.94783401,61.69807816,29.41046715,45.61822891,40.9102211,34.62656021,21.28868675,42.39796829,39.82717896,35.10118866,22.29340744,39.02759933,36.67152405,32.92845535,32.84283066,51.64689636,62.97722244,72.82243347
y,50.98031235,40.80873108,48.17882538,58.9587059,29.41046333,44.75563049,39.94473267,33.81145477,21.28868103,41.90621948,38.89444351,33.9470787,22.29340744,38.21201706,35.53151703,31.8550415,32.84283829,50.88441467,62.19092941,72.20200348
y,50.98030853,46.11597824,56.74189758,68.05338287,29.41046524,47.85490799,42.95626068,35.9862709,21.28868294,44.54208755,41.7004776,35.83948898,22.29340744,40.70072937,38.27996063,33.74751282,32.84283829,54.6424408,66.89928436,77.10546112
z,52.11270905,32.0721283,40.57396317,51.83850479,30.06374741,60.83455658,79.01273346,91.84460449,21.76156235,50.63234711,49.80744553,44.20665741,22.78860474,44.61432648,43.36198044,38.82621002,33.57235336,44.64065552,39.86648178,33.16495132
z,52.11270905,33.33162308,41.66228485,52.66351318,30.0637455,60.42484665,78.57280731,91.30239868,21.76156044,50.78765488,50.33434296,44.83754349,22.78860664,45.18500137,43.60157394,38.23255539,33.57235718,45.99598694,41.09070206,33.63752365
z,52.11270905,32.99458313,41.45619965,52.73911285,30.0637455,60.37579727,78.23874664,90.63452911,21.76155663,51.63341141,52.02794266,46.9096756,22.78860283,45.79031372,44.60659409,39.23059082,33.57235336,46.26784897,41.63079453,34.29800415
z,52.11270905,33.15609741,41.58879089,52.77754974,30.06374359,60.60852051,78.56758118,91.13962555,21.76156044,51.37195969,51.54968643,46.38090134,22.78860283,45.6525383,44.37098312,39.03893661,33.57235718,46.16930389,41.54211426,34.28196716
z,52.11270905,36.53313065,43.98447037,53.13058853,30.06374741,61.03969193,79.47364044,92.25462341,21.76155853,49.38292694,47.52760696,41.72131729,22.78860092,43.6382103,41.55722046,36.89757919,33.57235336,44.16345596,38.91038895,32.14331818
z,52.11271286,37.13471985,45.2237587,55.24508667,30.06374359,59.68022537,77.8234024,90.74376678,21.76155663,50.02738953,49.37675476,43.98629761,22.78859711,44.50182724,43.57356262,39.30899048,33.57235336,45.16113281,40.66910934,34.01103592
z,52.11271286,37.8841629,45.57325745,53.89135742,30.06374359,61.14516449,80.2487793,93.76956177,21.76155472,48.67839813,47.25833511,41.98892593,22.78859711,42.50588989,40.96111298,37.10686874,33.57235718,42.99171066,38.15543365,32.08004761
z,52.11271286,42.25642014,48.87891006,55.04847336,30.06374168,60.95445633,79.96471405,93.41150665,21.76155853,49.40137482,47.40635681,41.41057968,22.78860283,43.08708572,41.22244263,36.82572556,33.57236099,43.90328217,38.71094894,31.96432686
z,52.11270905,39.35377884,46.49342728,53.89556122,30.0637455,60.98583603,80.00350189,93.46709442,21.76155853,49.06418228,47.09339142,41.30823898,22.78860092,42.70666504,40.75115204,36.50314713,33.57235336,43.32228851,38.19023132,31.76533127
z,52.11270523,39.89354706,46.98829269,54.05991364,30.06374741,61.12485886,80.17417145,93.58766937,21.76156616,48.72014999,46.75288391,41.04932022,22.78860474,42.54791641,40.49598694,36.27876663,33.57235718,43.17260742,38.02738571,31.72926712
z,52.11270905,38.2040863,45.73558044,54.00294495,30.06374741,61.06141281,80.02111816,93.38170624,21.76156044,49.0552063,47.46397781,41.8967247,22.78859711,42.93844986,41.24121094,37.02001953,33.57235718,43.52428055,38.42610168,31.86891556
u,52.50845718,32.097229,42.10882187,56.21821213,30.29204941,60.81700134,80.0700531,93.89315796,21.9268074,62.67163086,85.90525818,100.4675522,22.96165657,43.70059586,47.98491669,48.06304932,33.82730103,41.96819305,42.44582367,41.95112228
u,52.50845337,33.2899704,42.91123581,56.23056793,30.2920475,60.61706543,79.67092896,93.41928101,21.92681313,62.79101563,86.13604736,101.1439972,22.96165466,46.07314301,46.51060104,42.17295074,33.82730103,43.6827774,41.49988556,37.38660431
u,51.86513138,29.48997307,40.30825806,55.27291107,29.92091751,62.29101944,82.12346649,96.28115082,21.65817261,62.51351929,86.62399292,102.3416672,22.68033409,45.72997665,51.4156723,50.53026581,33.41285706,42.43082809,44.90487289,45.50811386
u,51.86513138,29.54499817,40.37430954,55.36363983,29.92092133,61.64157104,81.35349274,95.47883606,21.65817451,62.46371841,86.52961731,102.1997757,22.68033409,46.07065201,53.0100708,53.49175644,33.41285706,42.32021332,45.44159317,47.07814026
u,51.86513519,29.69573975,40.25210953,55.24356461,29.92091751,59.89456558,79.23789978,93.19703674,21.6581707,62.29017639,86.20400238,101.830574,22.680336,45.342556,51.86860275,53.46059799,33.41285706,41.36649704,44.13991928,46.34992599
u,51.86513519,30.08755684,40.57688904,55.38516235,29.9209156,59.69945526,78.88722992,92.73880005,21.65817642,62.13661194,85.8776474,101.3547287,22.68033409,44.86199188,50.10505295,50.51837158,33.41286087,41.65088654,43.3475914,44.11791611
u,51.86513519,33.38691711,43.36714935,56.93427658,29.9209137,59.94710541,78.94574738,92.66460419,21.65816879,62.49160004,85.51148224,99.75708008,22.68033218,43.5820694,48.24918747,47.98926926,33.41286087,41.03771591,42.46099472,42.86344147
v,52.94089508,31.85339546,42.58211136,56.70034027,30.54152107,64.51315308,84.7044754,99.03655243,22.10739708,62.38456345,86.36643219,101.985939,23.15076256,46.819664,53.79533768,55.58124542,34.10589218,43.4086647,45.81626892,47.1907959
v,52.94089508,31.32933617,41.95775986,56.15292358,30.54152489,64.7886734,85.05101776,99.38683319,22.10739708,62.11365509,85.97369385,101.406868,23.15076065,45.98199844,53.72202301,56.36063385,34.10589218,42.5101738,45.54959106,48.10394287
v,52.94089508,32.29506683,42.85844421,56.93911743,30.54152107,64.09370422,84.19803619,98.44433594,22.10739326,62.22956467,85.96182251,101.1388626,23.15075684,45.73152924,51.27880478,52.24048233,34.10589218,42.57522583,44.0871582,44.66948318
v,52.94089127,33.64170456,44.43762589,58.42134094,30.54152298,63.62100601,83.5813446,97.68863678,22.10739326,62.60264587,86.40492249,101.7685242,23.15075874,46.14772797,50.65942001,50.06062698,34.10589218,42.80446625,43.64207077,43.239048
v,52.21269608,32.41802216,42.4030838,55.77719116,30.12142563,62.29924774,81.6796875,95.40542603,21.80330658,61.26976395,84.68140411,99.84945679,22.83232307,45.03637314,48.36038208,47.47787857,33.63677216,41.33723831,41.96858978,41.51985168
v,52.2127037,31.32603645,41.17095947,54.75285339,30.12142372,62.61484146,82.07175446,95.83989716,21.80330658,61.18006897,84.59263611,99.84024048,22.83232117,44.58971786,47.87717056,47.12931824,33.63676453,41.3634491,41.7687645,41.25337219
v,52.21268463,29.92834282,40.07283401,53.96401978,30.12143135,63.02793121,82.59225464,96.47294617,21.80331039,61.06163788,84.40480042,99.58781433,22.83232307,46.60195923,54.22563934,55.63918686,33.63676834,41.24311066,45.31755066,48.06753922
v,52.21269226,32.24713135,42.16594315,55.04579544,30.12142563,63.51438522,82.9642868,96.71390533,21.80331039,60.66194534,84.02162933,99.33177948,22.83232117,45.11810303,49.38446045,49.91264725,33.63676834,41.68586731,42.55050278,42.7418251
v,52.21269226,32.80350113,43.26053238,56.00257492,30.12142563,62.51274109,81.81073761,95.51916504,21.80330849,60.87857819,83.8227005,97.89742279,22.83231926,46.09431076,49.71008301,49.3507576,33.63676834,42.33837128,44.55620575,45.44470596
v,52.21269989,32.58211517,42.91875839,56.31401062,30.12142563,62.26592636,81.60214233,95.24893188,21.80330658,61.08098984,84.12850952,99.1015625,22.83231354,45.20091629,48.49566269,45.54046631,33.63676453,42.04549408,42.57160568,41.76148224
r,54.60644531,37.82900238,46.94447327,59.41487122,31.50237465,61.61083603,80.99636078,94.99783325,22.80290794,64.77163696,88.21054077,103.0688934,23.87909889,45.2133255,47.84691238,46.74703217,35.17888641,43.10090637,42.50696564,40.9166069
r,54.60644913,35.85933304,45.01256943,57.84038925,31.50237465,60.90542603,79.60246277,93.08944702,22.80290031,64.49087524,87.36212158,101.2399216,23.87908745,46.25912476,48.65784454,46.45232391,35.1788826,44.05186462,42.86541367,40.10933304
r,51.40681839,34.0328064,44.83446884,58.9921608,29.65651512,60.67684174,80.64585114,94.78707886,21.46678543,64.69976807,88.42299652,102.6309738,22.47991753,45.12004852,47.37216568,45.18254471,33.11759949,42.63986206,41.41440201,38.5989418
r,51.40681458,35.62823105,45.80812836,59.22144318,29.65651703,60.71504211,80.63908386,94.97993469,21.46678352,64.38061523,88.09939575,102.5831985,22.47991371,45.35490417,48.6992836,47.44901657,33.11759949,42.85725403,42.25312805,40.10731125
r,51.40681839,33.77054977,44.15390015,58.17595291,29.65651703,60.40743637,80.33045959,94.68843079,21.46678352,64.49875641,88.57557678,103.764267,22.47991753,46.00606155,51.13729477,51.2853241,33.11759949,42.58369064,43.44215775,43.25814056
r,51.40681458,34.7205925,45.07129669,58.3099556,29.65651894,61.15393829,81.2324295,95.69955444,21.46678543,64.54262543,88.44117737,103.0574493,22.47991753,45.58488083,52.02997971,53.76085663,33.1176033,42.40646362,44.10865402,45.1293602
r,51.40681076,35.30234146,45.48083878,58.87507629,29.65651703,60.73773575,80.76145935,95.17744446,21.46678734,64.45197296,88.44651031,103.1505585,22.47991943,44.80873489,50.93943024,52.47115707,33.1176033,41.427948,43.43338394,44.83201981
r,51.40681839,35.1825676,45.53577423,59.09556198,29.65651703,60.45518494,80.45307159,94.88803864,21.46678734,64.38863373,88.33666229,102.9291382,22.47991943,44.35659409,49.92477798,51.13838196,33.11759949,41.24456787,42.79453659,43.76928711
r,51.40681839,34.74884033,45.38882065,59.00537109,29.65651512,60.56101608,80.50996399,94.88973236,21.46678352,64.13945007,88.26385498,103.3662338,22.47991371,44.9800415,49.91217804,50.039711,33.11759949,41.38058472,42.97027969,43.43620682
g,51.50841522,33.74625778,42.10297394,54.16638947,29.71512985,60.78235626,79.78601837,93.27581787,21.50921059,46.16901398,42.87646484,36.94314575,22.5243454,40.7360878,37.77173996,33.61256409,33.18304825,40.9442482,36.17836761,31.07891464
g,51.50841141,37.47589874,42.71612549,53.48067856,29.71512794,60.65529633,79.49556732,92.83881378,21.50920868,45.08411407,41.93292236,36.78926086,22.52434731,39.24442673,36.4912796,33.43665314,33.18305206,40.54738998,34.49748993,28.51914406
g,51.50841904,36.45817184,42.14958954,54.26146698,29.71513176,60.03210831,78.56720734,91.71475983,21.50921631,43.55333328,40.81899643,36.73176193,22.52434349,37.71160507,35.64793777,33.95560074,33.18305206,39.31647873,33.3182106,28.03209305
g,51.50840759,31.82957077,38.44823837,48.92666245,29.71513557,60.58255005,79.43275452,92.69171143,21.50921059,44.07933426,40.38203049,35.24677277,22.5243454,38.50982666,35.58267975,32.68693161,33.18305206,39.03377914,34.44681549,30.66528511
g,51.50841522,32.11717606,40.93214035,53.21524048,29.71512604,60.94420624,79.8986969,93.31685638,21.5092144,46.04867935,43.28062057,37.75474167,22.52434349,40.42600632,37.93935013,34.17901993,33.18305206,40.61922073,36.21378708,31.63362694
g,51.50841141,33.44390869,42.69114304,54.95029831,29.71512604,60.25840378,79.14508057,92.68798065,21.5092144,46.51880264,43.28964996,37.30318832,22.52434731,40.99304581,38.60988998,34.46336746,33.18305206,40.06212616,37.29491425,34.24598694
g,53.74223709,33.40778732,43.06718826,56.42786407,31.0038166,63.42602158,83.43526459,97.59757996,22.44202805,47.66400146,44.80613708,39.3469696,23.50118446,41.80703354,39.64741516,36.24473953,34.62213898,41.79173279,37.73838806,33.72371292
q,50.82831955,42.14090347,57.86956787,74.12271881,29.32278061,59.26864624,72.55316925,80.32247925,21.22520828,47.05449677,42.82965851,35.76664734,22.22693825,41.02856445,37.64519119,33.25317001,32.74491882,41.26317978,39.15694046,35.29858398
q,50.82831573,45.47362137,62.10159683,78.78947449,29.32278061,58.98688507,72.9157486,81.9889679,21.2252121,48.52871323,47.89499664,40.90474319,22.22694588,41.12903976,38.31252289,33.23898315,32.74492264,42.08153534,40.73368454,36.45294571
q,50.82830811,47.2520752,64.85353851,81.80458832,29.3227787,58.64219666,71.63199615,80.01421356,21.2252121,49.24330902,44.72138214,38.41842651,22.22694206,41.14345551,38.15680313,33.22503662,32.74492264,41.91190338,40.73952103,37.20487976
q,50.82831955,36.38778687,45.59071732,56.72386169,29.32277489,56.65227127,71.94052124,82.03221893,21.2252121,49.07582855,48.91727066,44.6009903,22.22694778,42.89643478,42.27089691,39.0802536,32.74491501,43.06064987,39.07252121,33.39968109
q,50.82830811,39.44041061,49.05165863,59.84645844,29.32278061,56.22606277,71.89349365,82.76581573,21.2252121,51.38943863,60.31428146,62.59893417,22.22694778,44.71431732,51.378582,52.49818802,32.74491501,43.28155136,44.02542114,42.84489822
q,50.82831573,38.36664581,48.40390015,60.39026642,29.32278061,54.75842667,69.66681671,79.70294189,21.22521019,53.24724579,70.68658447,81.3961792,22.22693634,47.79058838,61.74534607,67.85930634,32.74491501,46.37566376,52.57866669,56.51151657
q,50.82830811,38.46221161,48.21511078,59.52700424,29.3227787,55.42834854,70.19095612,79.68252563,21.2252121,51.77493668,60.92277908,64.33992004,22.22692871,45.20703506,50.3498497,49.1358223,32.74492645,44.2482605,44.55239868,41.7783165
m,52.0134964,28.62465096,39.86077499,54.20660782,30.00651169,52.70498657,49.05613327,42.58546066,21.72012711,50.7909317,48.84173584,43.17213058,22.74521446,44.83552551,43.53121185,39.54348755,33.50844574,43.44827271,41.28097153,37.47319794
m,52.01349258,27.8578167,39.12358093,53.81947327,30.00650978,51.2719841,46.72175217,40.14003754,21.72013283,49.25879669,46.8069458,41.51519394,22.74521828,43.37039948,41.68595123,38.29592514,33.50844193,42.17349625,39.85374451,36.67992783
m,52.0134964,26.30519485,37.51356506,52.58784485,30.0065136,49.21544266,45.20039368,39.55728531,21.72013092,47.46940231,45.71928787,41.66778946,22.74522018,42.29940033,40.64106369,37.94620132,33.50844574,41.45050812,38.69438553,35.63302231
m,51.64182281,25.78059959,35.32204437,48.09253693,29.79208946,46.00363159,42.55195999,38.00613022,21.56491661,44.04068756,41.66971207,37.58134842,22.58268547,39.29986572,37.34499359,34.57429123,33.26899719,39.4422493,35.1211319,30.87262726
m,51.641819,27.04754257,36.49090195,49.44305038,29.79208183,45.70808792,42.31399155,37.72063446,21.56491661,44.42127991,41.43609619,36.51644897,22.58267975,40.9017868,38.30474472,34.39163208,33.26899719,40.74294662,36.85938644,32.23622131
m,51.12995529,25.77051544,34.79370117,48.28972626,29.49678802,45.92628479,42.45443726,37.68605042,21.3511734,45.00009155,41.23340607,35.35318756,22.35885048,41.14645386,38.17975235,33.7296257,32.93924332,40.97681046,37.05761719,32.18533325
m,51.12996292,26.06217766,35.30215454,48.91622162,29.49680138,46.37472153,42.92514801,37.99778366,21.35117912,45.71075439,42.62220764,36.92074966,22.35885048,41.7745018,39.30344772,34.7677536,32.9392395,41.45118332,37.76620102,32.79585648
m,51.12996292,25.21026993,34.55579758,48.46567917,29.49679565,46.56858826,43.16041565,38.33648682,21.35116959,46.36382294,42.70817566,36.36750031,22.35884666,42.14496231,39.36921692,34.59772873,32.93924332,41.74148941,38.00534058,32.94740677
n,52.77986145,36.28649139,46.91628265,57.11457443,30.44862747,57.62355804,57.10710144,51.92034149,22.0401516,54.03144073,55.60348129,52.03410339,23.08034706,46.1275444,46.99095154,44.53462219,34.00215149,44.48668289,41.18946838,36.84439468
n,52.77986145,35.62901306,46.42099762,57.21087265,30.44862747,57.60507584,56.97146225,51.68143082,22.0401535,54.03909302,55.58755875,51.98684692,23.08034515,46.21491623,47.12839508,44.67842865,34.0021553,44.48163605,41.31601334,37.08945084
n,52.77986526,37.05074692,47.94636536,58.18632126,30.44862556,58.66603088,58.40867996,53.03673553,22.0401516,54.77748489,56.4188652,52.60558701,23.08034325,47.30918503,48.21614075,45.42916107,34.00215149,45.41905212,42.2699852,37.65590286
n,52.77986526,35.34608841,45.60373688,55.76660156,30.44862556,56.10982132,54.36194992,48.798172,22.04014969,53.04241562,54.06788254,50.43705368,23.08034134,46.19686127,47.10780716,44.83745956,34.0021553,44.76180267,41.29889679,36.77107239
n,52.77986526,35.61378098,46.14941025,57.17167664,30.44862556,57.54207611,59.13231659,55.85750198,22.04014969,55.15366364,60.27354431,58.71641922,23.08033943,47.29854965,51.61125183,50.51057816,34.0021553,44.47361374,43.88873291,41.51881027
n,52.77986145,28.07608414,39.92578506,54.85443878,30.44862747,50.91488266,46.59291458,40.75705338,22.0401535,49.16337967,47.14462662,42.9538002,23.08034897,42.56534195,42.20576859,40.7361412,34.00215912,40.93413925,39.99370956,39.10362625
n,49.83575058,26.9654808,35.15938187,45.86772919,28.75017166,45.43070602,41.0063324,34.99241257,20.81072998,42.30838394,39.63529587,35.08535385,21.79290009,36.5904274,34.81249237,32.43265533,32.10547638,36.89413834,33.8589592,31.25639153
n,49.83575058,27.13850784,35.38296509,45.97229385,28.75017166,45.61396408,41.33464432,35.39564514,20.81072998,42.47314072,39.99805069,35.58295822,21.79290199,36.58150101,35.10052109,32.91191483,32.10547638,36.79837799,34.10006714,31.82871819
n,49.83574677,26.20697021,33.82825089,44.95224762,28.75016785,44.81713104,40.88840866,35.70251083,20.8107338,41.85397339,38.8156662,34.05631256,21.79289627,36.1501236,33.88298035,31.36352158,32.10547638,36.64249802,32.97127151,30.09553528
o,53.2321167,37.72811127,47.66404724,57.51749802,30.70952797,64.21404266,64.45709229,55.29602432,22.22900772,64.64047241,65.82859802,55.3789978,23.2781086,57.88095093,60.47262955,52.29339218,34.29350281,54.57710648,56.0059433,50.3134613
o,53.2321167,35.76651764,46.17890549,57.3177681,30.70952797,63.63833618,63.55084229,54.53876114,22.22900581,64.17990875,64.96014404,54.68634796,23.2781105,57.77007675,60.94899368,53.43984222,34.29350281,54.43749237,55.61912155,49.85293961
o,53.2321167,37.72941971,48.00599289,58.39110184,30.70952415,60.35917664,62.32952499,56.46566391,22.22900009,60.81504822,65.51817322,59.62208557,23.2781086,55.80554581,61.43973541,57.71165085,34.29350662,53.54455566,55.61514282,51.60330582
o,53.23211288,36.23633194,47.16135788,58.53083801,30.70953369,61.80716705,62.32452393,53.71964264,22.22900581,62.92986679,64.63769531,54.59296036,23.27811241,56.74320984,59.28567505,51.62218094,34.29350281,54.16411591,54.24746323,47.36090469
o,53.2321167,37.46204376,48.02694321,58.83987427,30.70952988,59.66280746,61.52429199,55.77442169,22.22900009,59.60824966,64.32295227,59.7568512,23.27810669,54.96028137,60.12089539,56.44760513,34.29350662,52.83003616,54.68447113,50.7897644
o,53.23212814,49.97489166,60.80620575,68.07180786,30.70952797,63.04764175,68.41822052,64.91535187,22.22900391,59.81317902,65.65905762,62.92284775,23.27810287,52.74921799,56.74526596,53.69856644,34.29350281,49.60218048,47.06019592,40.82115555
o,53.23211288,49.22616577,62.22104645,72.00160217,30.70952797,64.15078735,71.47936249,69.70446014,22.22900772,60.09929276,67.92932129,66.79747772,23.27811432,52.82165909,58.34503937,56.50692368,34.29351044,49.23718262,47.99671936,42.84411621
o,53.49139786,37.80422211,47.23557281,56.27310562,30.85910988,56.38453674,56.68972397,51.15700912,22.33727837,55.40324402,58.72040558,55.10995483,23.39149475,51.26786041,55.29244995,52.4515152,34.46054459,50.27640915,50.58213425,46.54016876
i,51.83794403,34.81323242,39.65429688,47.79393387,29.90523529,47.23713684,42.74580765,36.96517563,21.64682198,45.09734726,42.7624855,38.18851471,22.66845131,40.62929535,38.69474792,35.63557816,33.3953476,55.99125671,69.70317078,81.51221466
i,50.96700287,47.13344574,56.99467087,63.1894989,29.40279007,47.5777092,45.76174164,43.34873581,21.28312492,45.50029373,40.95632172,35.3734169,22.28759384,42.35845947,38.01469421,34.11273956,32.83427048,41.5324173,39.02013397,33.49335098
i,51.79619217,36.66513062,42.36836624,49.93514252,29.88114548,51.48108292,48.23612976,42.53556824,21.62938499,49.83171082,48.2857933,42.99432373,22.65019035,45.18047714,44.16260147,40.13838577,33.36844635,58.9793396,74.32748413,87.68145752
i,51.79619598,35.97921753,42.35010529,50.40504074,29.88114738,49.19511414,44.98815155,38.87432098,21.62938118,47.32085037,45.52643585,40.72724152,22.65019035,43.2508049,41.85257339,38.28923798,33.36844254,55.36014175,68.84158325,80.53557587
i,51.79618835,35.54220963,42.574543,51.34624481,29.88114738,49.44010544,45.01387024,38.59827423,21.62938309,47.5750351,45.51165771,40.33959961,22.65018463,43.376297,41.75218964,37.89540863,33.36844635,55.58621216,69.06781769,80.75984955
i,51.79619217,35.54911041,42.84091568,51.83903885,29.88114548,49.32754517,44.68835068,38.07388687,21.62938499,47.35638046,44.93663025,39.52494431,22.65019035,43.25880814,41.3457222,37.29143524,33.36844635,55.5843811,68.87837982,80.36881256
i,52.24441528,35.3866272,42.10562515,50.12820816,30.13972473,48.58553314,44.14606476,37.77818298,21.81655502,46.41396332,44.22650146,39.18117905,22.84619141,41.78113937,39.65807724,35.74155426,33.65719986,54.75139618,67.97854614,79.40202332
j,51.11546707,37.82060242,45.64348602,54.1907959,29.48843384,47.69031906,41.76554108,34.90567017,21.34511757,44.6398735,40.42839432,33.97055435,22.35251045,39.73609924,36.42750168,31.852911,32.92990875,55.81061554,69.03581238,80.35422516
j,51.11547089,35.68838882,43.08247375,51.55595398,29.48843575,47.50188065,41.49923325,34.40762711,21.34511948,44.96033859,40.9417572,34.44958878,22.35250854,40.18869019,37.21380615,32.72118759,32.92990875,56.35582352,69.49053192,80.39759064
j,51.11546707,36.11173248,43.32483292,50.82793045,29.48843765,47.98378754,42.26852036,35.2624321,21.34512329,45.31258774,41.69621277,35.49865341,22.35251427,40.26506805,37.77459335,33.66712189,32.92990494,56.75615311,70.09461212,81.08556366
j,51.11546326,39.18550491,48.06757355,56.49636078,29.48843765,49.71921921,46.84143448,41.93434525,21.34512138,45.98485947,44.40467072,39.89788818,22.35251236,41.03641891,39.96818542,36.83164978,32.92990875,56.53302002,69.60205841,80.63134003
j,51.11546326,39.1657486,48.02313614,56.44079971,29.48843956,50.56855774,47.86542892,42.79395676,21.34512329,46.30615616,45.49456787,41.52716446,22.35251045,41.46141434,41.00799942,38.37851334,32.92990494,56.64170074,69.54924011,80.46443939
j,51.11546326,39.78246689,48.46073532,56.78250504,29.48843956,48.39879608,43.27020645,36.32106781,21.3451252,47.06056213,42.31974792,34.35825348,22.35251045,42.56856537,38.19063187,31.56737328,32.92990112,55.64603806,69.28710175,81.38881683
y,51.76968765,52.97895432,71.64325714,88.93833923,29.86585236,50.64776993,46.76428604,40.41602707,21.61831665,48.53476715,46.02770615,39.38363647,22.6385994,44.15168381,42.25505829,36.96694946,33.35136795,58.70151901,73.09095001,85.18212128
y,51.76968384,51.15920258,68.92858887,85.95991516,29.86585999,51.34835815,47.57943726,40.95627594,21.61831665,49.15484619,46.50671387,39.52400589,22.63859749,44.72345734,42.64533615,37.05696869,33.35136795,58.59144211,72.94855499,84.9283905
y,51.76968384,54.7262001,72.86213684,89.41122437,29.86585617,51.40091324,48.52238464,42.48722076,21.61831665,49.54025269,48.01793671,41.49678421,22.6385994,45.34302902,44.45198441,39.19375229,33.35136795,58.92427063,73.11068726,84.70970917
y,51.76968384,53.16268158,70.99609375,87.58886719,29.86585617,50.38031006,46.53264236,40.16254044,21.61832428,48.20253372,46.27052307,40.0389061,22.6385994,44.0321312,42.65766525,37.6345787,33.35136795,58.83315277,72.99415588,84.55055237
y,51.76968765,52.27607727,70.19638062,87.25344849,29.86585236,49.55519104,45.12958527,38.65011597,21.61831284,47.25038147,44.93818665,39.03518677,22.63859749,43.15593719,41.34577942,36.6710434,33.35137177,58.57995987,72.70339203,84.38179779
y,51.76968765,55.14938736,72.07603455,88.96404266,29.86585236,49.46661377,46.53227997,40.8740654,21.61831284,47.56539154,45.73748398,39.82468033,22.63859749,43.54750824,42.28321075,37.61118317,33.35137177,58.66389465,72.61260223,84.17893982
y,51.76968384,55.23711395,72.32615662,88.65871429,29.86585236,50.22663879,47.77905655,42.0052681,21.61831474,48.59889221,46.81967926,40.20903015,22.6385994,44.53213501,43.5137291,38.35683441,33.35137177,58.83240891,72.76147461,84.22133636
y,51.76968384,54.14240646,71.98695374,87.90869904,29.86585045,51.68317413,48.11094284,41.44818115,21.61831856,49.65196228,47.81697464,40.8465538,22.6385994,45.35932541,43.97943497,38.22459412,33.35137558,58.81559372,72.62467957,83.77906799
k,52.85022354,30.13550377,40.36310577,54.50953293,30.48921776,63.94452667,83.87836456,98.03283691,22.06953239,62.21999359,86.19563293,101.9193954,23.11111069,46.5682373,47.93133545,44.27433395,34.04747772,42.77097321,42.10811996,39.88850403
k,52.85022354,31.17182922,41.25173187,55.01624298,30.48921204,63.8334465,83.75434875,97.90892792,22.06953049,62.092453,86.05675507,101.7429199,23.11111069,45.46933365,47.64761353,45.40692902,34.04747772,42.37392426,41.99185944,40.42290115
k,52.85023117,28.62885094,38.72290039,53.31666183,30.48921394,63.91456604,83.84924316,98.01607513,22.06952858,62.28850555,86.27073669,102.1131287,23.11110687,48.00421906,50.01080322,46.6163063,34.04747772,43.64292145,43.74937057,41.69565964
k,52.85021973,31.08115768,41.43113327,55.61533737,30.48921204,63.80067062,83.7542038,97.95653534,22.06953239,62.44309616,86.55143738,102.4672623,23.11111069,47.17798233,49.93975067,47.27022171,34.04747772,44.19081879,44.10513687,41.87824249
k,52.85022354,29.21062279,39.5856781,54.11650848,30.48921394,62.09988785,81.65587616,95.60327148,22.06953049,62.73168182,86.66117096,102.3900604,23.11111069,48.12754822,52.61554718,50.30866241,34.04747772,44.82931519,45.50222015,43.99060822
k,52.85022354,29.34997368,39.60667038,53.92343903,30.48921585,63.83625793,83.77891541,97.89561462,22.06953239,62.50664139,86.50214386,102.2460251,23.11111069,48.15074921,54.06009293,53.74331284,34.04748154,44.83591461,46.40443039,46.04360962
k,52.85022354,32.72663879,42.64697647,55.47179413,30.48921585,63.54075241,83.42068481,97.57595062,22.0695343,62.11856079,86.03328705,101.7594833,23.11111259,46.23671722,49.51643753,47.97607422,34.04748154,43.81415939,44.02631378,42.30324936
l,52.9561348,52.04904556,69.41161346,86.77694702,30.55031776,62.10338211,81.41799164,94.9182663,22.11375809,49.78191757,46.68694687,39.92188263,23.15742493,43.32378769,39.94036102,34.62981415,34.11571503,44.24338531,37.75541687,30.04524231
l,52.95613861,55.07240677,74.30682373,92.16096497,30.55031967,62.31600189,81.76865387,95.31541443,22.11375999,51.32587433,48.75533676,41.7181282,23.15742493,44.69373703,41.55047607,35.78930283,34.11571503,45.53221893,39.36952591,31.44980049
l,52.95614243,55.66043472,75.82215118,93.96096802,30.55031776,62.56867218,82.08202362,95.61373901,22.11375999,51.81047058,49.32496643,42.23183441,23.15742493,44.86689758,41.6177597,35.80305862,34.11571884,45.79208755,39.45282364,31.39242363
l,52.95614624,59.72367859,81.03421783,99.29747772,30.55031586,62.03296661,81.29324341,94.20014954,22.11375999,49.44020462,46.48532486,40.13960648,23.15742874,41.41951752,38.64678955,34.70536041,34.11571884,42.13978577,36.06309509,29.87620163
l,52.95613861,60.96415329,82.52613831,100.8272018,30.55031776,62.08643723,81.31555176,94.25231171,22.1137619,48.2875824,45.58571243,39.69390488,23.15743065,41.11594772,38.46134567,34.66301727,34.11571503,41.64722824,36.41053391,31.19959641
h,52.04339981,32.11658096,41.97463226,55.70085907,30.02376366,59.59266663,78.1111145,91.5247345,21.73261833,62.16930008,84.17150879,98.70355225,22.75829697,43.75071335,46.65026855,44.83885574,33.52770615,41.68780136,41.06715393,38.90150833
h,52.04340744,29.84140778,39.96408081,54.41736221,30.02376175,59.35727692,78.12879944,91.64196777,21.7326107,62.19312286,85.22457886,100.2441635,22.75829124,45.35828781,48.17951584,45.87160492,33.52770615,42.74749756,42.28774643,39.77865982
h,52.04339981,29.91863441,40.1361084,54.63067627,30.02376366,59.29413605,78.05667114,91.57678223,21.73262024,62.11012268,84.72355652,99.69165039,22.75829506,45.46115112,48.47492981,46.33713913,33.52770233,42.88555145,42.52905273,40.11642456
h,52.04340363,30.92952156,40.96955872,55.05964661,30.02376556,59.70986938,78.47008514,91.91998291,21.73261642,62.17826843,84.54502869,99.1961441,22.75829506,45.12470627,48.31631088,46.35922623,33.52770615,42.54218674,42.34017181,40.13702393
h,52.04340744,31.20995903,41.24158478,55.36558151,30.02375984,59.39760971,78.17675781,91.68255615,21.7326107,62.16918945,84.81369019,99.28266907,22.75828934,44.41793442,48.38098907,47.45611572,33.52770615,42.13692093,42.29684067,40.73223877
h,52.63521576,33.0426178,42.42515945,55.65343857,30.36517715,59.46666718,77.83028412,91.06266022,21.97974968,62.3624649,84.33869934,98.27627563,23.01709175,44.35744476,45.80745697,42.97658157,33.90896606,43.0605011,40.89053726,36.92635345
h,52.63521576,32.59285736,42.09208679,55.48355865,30.36517525,59.59690475,77.91436768,91.09945679,21.97974777,62.3404808,84.06706238,97.62999725,23.01708794,44.55033493,46.07049561,43.22239685,33.90896606,43.13142014,41.0939064,37.21842957
h,52.63520813,31.15531731,40.95973969,54.9052887,30.36517906,59.8677597,78.75272369,92.35434723,21.97974968,62.08937836,85.2310257,100.2504501,23.01709366,45.2224884,48.87858963,47.34594345,33.90896606,42.84464264,43.1373024,41.49772644
h,52.63521576,30.13269806,40.20783997,54.45429611,30.36517525,59.97265244,78.93534851,92.59086609,21.97974586,62.06803894,85.35705566,100.587677,23.01708794,46.89921951,51.15217972,49.43855286,33.90896606,43.44204712,44.52354813,43.43009949
h,52.69433975,30.61760139,40.63594818,54.91448212,30.39928818,60.54346848,79.75536346,93.56053925,22.00443459,62.83343124,85.92916107,100.3888702,23.04294014,46.36437607,50.95204926,50.41542435,33.94705582,43.49544144,44.37700272,43.66834641
k,52.50457001,30.37132072,38.70186996,51.16065979,30.28980637,61.35824966,80.18808746,93.61089325,21.92518997,60.63926315,83.55592346,98.69225311,22.95995712,48.74611282,49.29486084,44.02743912,33.82479858,45.95134735,44.4394989,39.92922211
k,52.50457001,30.8302002,38.98744202,51.21225357,30.28980637,61.30970383,80.12779999,93.53984833,21.92519379,60.54545975,83.45252228,98.58366394,22.95995712,48.69626236,48.78454971,43.23056412,33.82479858,45.72076416,43.83630371,39.10374832
k,52.50456619,31.27254295,38.5749321,49.63056564,30.28980637,61.84636307,80.78728485,94.27983856,21.92519188,60.34950638,83.24207306,98.39202881,22.95995903,46.14198303,46.98487854,43.21068954,33.8248024,44.78050232,43.13578796,39.15659332
k,52.50457001,31.52660179,40.19161224,52.40103531,30.28981018,61.19487762,79.96543121,93.34848022,21.92519379,60.32859802,83.12653351,98.08677673,22.95995522,48.36367416,48.75538635,43.3180809,33.82479858,44.91646576,43.1352272,38.71490479
k,52.50457001,32.44277191,41.04850769,52.96085739,30.28980827,61.27499771,80.07588196,93.48223114,21.92519188,60.35349274,83.17856598,98.18258667,22.95996284,47.78367233,47.79903412,42.46504211,33.82479858,44.95122147,42.80409241,38.08682632
k,52.50457001,34.53740692,41.82695007,52.6870079,30.28980637,60.77991486,79.46665955,92.76857758,21.92519379,60.37441635,83.19890594,98.2067337,22.95995331,47.0866394,45.42669678,38.68168259,33.8248024,45.63121796,42.54056931,36.42989349
k,52.50457382,32.84931183,40.46549606,51.93122482,30.28980827,60.70341873,79.36817169,92.68649292,21.92518616,60.37751007,83.15795135,98.10919189,22.95995903,46.42915344,44.66561508,38.30369949,33.82479858,45.20720291,41.86074066,35.82962799
k,53.53253174,35.94600677,40.30577087,50.23563766,30.88284302,64.88520813,85.20452118,99.64780426,22.35446167,63.38305664,87.87903595,104.0338058,23.40948677,44.62813187,42.03934479,36.6449585,34.48704529,44.16880417,39.8326683,34.28233337
j,52.592453,36.04026413,40.49942398,46.56167984,30.34050751,49.04011154,43.27456665,35.84121704,21.96189308,46.01218414,42.61098099,36.48011398,22.99838829,41.74522781,38.99983215,34.46802521,33.88141632,57.84867096,71.84442902,83.89946747
j,52.59244919,39.8594017,43.32772446,46.55622482,30.34050941,48.42541504,43.45355988,36.89546967,21.96189117,45.49525452,42.32609177,36.44016266,22.99838829,41.52448654,39.00735855,34.68951035,33.88141251,57.55288696,71.49206543,83.53453827
j,52.59245682,41.11820221,45.37389755,48.40416336,30.3405056,49.08705139,43.71526718,36.56911087,21.96188927,45.91030121,42.26407242,35.72927094,22.99838829,41.67627335,38.81806183,34.05636597,33.88142395,57.57079697,71.51494598,83.53408813
j,52.592453,39.84654236,44.0459938,47.26354218,30.34051132,48.74201584,42.90850067,35.35366058,21.96189117,45.74298859,41.7828064,34.91382217,22.99838638,41.5992775,38.44903946,33.39093018,33.88141632,57.43841553,71.33777618,83.31376648
y,52.59244919,55.08610153,72.27441406,87.90453339,30.34050941,50.56282043,46.55612946,39.74281311,21.96189117,47.88085938,44.67448807,37.32156372,22.9983902,43.74564743,41.31825638,35.44737244,33.88142014,58.16991425,71.58876038,82.56161499
y,52.59244919,55.08945847,71.67670441,87.83451843,30.34050941,45.83779526,41.31877899,35.47941589,21.96188927,43.29298019,40.49869156,35.22853851,22.99838638,39.50608444,37.26531601,33.35342407,33.88141632,57.48789597,70.54949188,81.38037872
y,52.592453,57.23126602,75.34205627,91.46104431,30.34050751,49.40952682,46.78918839,41.61322403,21.96188927,46.43876266,45.62203979,40.58632278,22.99838638,42.45576096,41.89928055,38.04092026,33.88141632,58.86557007,72.83716583,84.34226227
y,52.59244919,56.4920311,74.21879578,90.27658844,30.34050751,49.3010788,46.80929947,41.78088379,21.96188927,46.34814835,45.76195908,40.96719742,22.99838829,42.36086273,42.09222412,38.52689743,33.88142014,58.8941803,72.85186768,84.34099579
y,52.592453,55.53419495,72.50122833,87.9750824,30.34050369,49.45419312,46.29423904,40.55474854,21.96188736,46.57679367,45.08735275,39.51581192,22.99838638,42.56932449,41.36277771,36.95209122,33.88142014,58.68822861,72.39820099,83.53969574
y,52.592453,54.93738174,72.27542114,88.4479599,30.34050751,47.1099472,42.99707031,37.3676033,21.96188927,44.24966431,42.98209381,38.69161224,22.99838829,40.16323471,39.368927,36.30578995,33.88141251,58.49677277,72.3039093,83.73568726
g,51.15378952,31.54508209,40.41582489,54.09983444,29.51054192,59.47336578,77.92945099,91.03909302,21.36112404,46.13658142,42.60702896,36.62892532,22.3692646,40.43212128,37.2912941,33.19228745,32.95459366,41.18580246,35.53390121,29.52755165
g,51.15379333,32.367939,40.67795944,53.913517,29.51054192,59.33618164,77.78569794,90.94252777,21.36112213,45.79496384,42.21549988,36.26648331,22.3692627,40.11795807,36.93473053,32.91361237,32.95458984,40.97871017,35.24888611,29.2315731
g,51.15378571,33.6722908,42.94200134,56.84754562,29.51054764,59.36351776,77.8130188,90.96738434,21.36113167,45.26696014,41.60548782,35.81230545,22.36926842,39.64426422,36.57757568,32.80274963,32.95459366,40.32097626,34.96266937,29.5663166
g,51.15378952,33.61716843,42.87442398,57.20578766,29.5105381,59.00548553,77.32232666,90.40536499,21.36111832,45.07629395,41.48381042,35.88310623,22.3692646,39.39079285,36.27677155,32.68463135,32.95458984,40.36204147,34.48688507,28.61653137
g,51.15379333,33.9877739,43.31256104,57.5663147,29.51054192,59.00870514,77.31718445,90.38974762,21.36112404,45.00563812,41.35772705,35.7244072,22.3692627,39.32660294,36.18284607,32.56277084,32.95459366,40.25959778,34.41901016,28.613451
g,51.15379333,34.17434311,43.72650528,58.56190872,29.51054192,58.40848923,76.56172943,89.56797028,21.36112595,44.67251968,41.19054413,35.90684128,22.36927032,38.90856171,35.88692474,32.62355804,32.95459366,40.10161972,33.75994873,27.54424667
q,53.26922989,39.66683197,54.23168182,69.78995514,30.73094559,62.29949188,74.94580841,79.98531342,22.24451256,47.30737305,42.06985092,34.96810532,23.29434204,39.66326904,36.69273376,33.38715363,34.31741333,39.69329071,35.87479019,32.88851166
q,53.26923752,39.59246826,54.05384445,69.71773529,30.73094177,62.21221924,74.86058807,79.99774933,22.24450874,47.28065109,42.757267,36.14403915,23.29434204,39.64052963,36.64815903,33.34818268,34.31742096,39.67362976,35.87168503,32.89751816
q,53.26922607,38.6954422,53.05170822,68.55580902,30.7309494,61.89878082,75.34597015,81.90434265,22.24451256,46.31204224,41.03918839,34.40000153,23.29434395,39.99824524,36.53456116,32.69483185,34.31741333,40.08389282,35.72660065,32.07324982
q,53.2692337,37.08866119,49.31609344,64.96421051,30.73093987,60.66360474,77.44046783,89.01269531,22.24450684,47.55715942,42.85405731,36.01716614,23.29434395,41.22840881,37.87410736,33.5425148,34.31741714,41.58252335,36.57115173,31.44197273
v,51.29345322,30.72450638,39.41012955,51.89629364,29.59111404,60.06930161,78.25377655,91.08677673,21.41944504,58.32728958,80.27361298,94.49085999,22.43033791,41.53438568,41.9573555,39.55397034,33.04456711,41.07917404,38.71281433,35.21315765
v,51.2934494,30.95202255,39.61967468,52.04085922,29.59111977,60.07505417,78.24945068,91.07192993,21.41944504,58.34526062,80.29503632,94.51486969,22.43034554,41.91952515,42.32366943,39.71112442,33.04457092,41.41209412,39.03820038,35.36203766
r,51.29345703,31.21740913,39.74954987,52.06431961,29.59111023,55.53718185,71.98829651,83.59352875,21.41944504,58.64439011,79.88878632,92.53173828,22.43034744,41.05639648,40.81552505,37.2778511,33.04456711,41.23326492,37.98165131,33.14641953
r,51.29345703,29.41987038,38.40375137,51.72366333,29.59111786,55.48019791,72.32474518,84.35028839,21.41945267,58.87765121,80.04855347,93.22612,22.43034554,40.8531189,40.74511337,37.15156174,33.04456711,40.47753143,37.44148254,33.13435745
r,50.6150322,30.96277428,39.97953415,52.75914383,29.19973373,56.23265839,73.6600647,86.10787964,21.13614845,59.93906784,81.8116684,95.43275452,22.13367081,43.66889572,43.33761597,38.77297211,32.6075058,42.86006927,39.5195961,33.71033859
r,50.61502457,30.81658173,39.69981766,52.40383911,29.19973373,56.18377686,73.59394836,86.08129883,21.13614655,59.69381332,81.60050964,95.74407959,22.13367653,44.29514694,42.9319725,37.3630867,32.6075058,43.64101028,39.71973801,33.11140442
v,50.61502457,30.69394493,40.19147491,53.46710587,29.19973183,61.31863403,80.32939911,93.72299194,21.13613892,59.25438309,81.91247559,96.57068634,22.13367081,43.08996964,44.94208145,42.78571701,32.60751343,41.31814957,39.89814758,36.99612045
v,50.61502457,30.69423866,40.20083237,53.46472931,29.19972992,61.22725677,80.19319153,93.5424118,21.13614464,59.24382019,81.8790741,96.51224518,22.13367271,43.44103241,44.98960114,42.40602875,32.60750961,41.62426758,39.94999313,36.65187836
v,50.61502838,30.48842239,40.02307129,53.39822769,29.19973183,61.12176514,80.06893158,93.43681335,21.13614464,59.23847961,81.86505127,96.47190094,22.13367081,43.73335648,45.49537277,43.2179184,32.60750961,41.63494492,40.37817383,37.53575897
v,50.6150322,30.99550819,40.51291656,53.73224258,29.19972801,61.24337769,80.19199371,93.51809692,21.13614464,59.12837219,81.63682556,96.11449432,22.13367081,43.53406906,45.35364914,43.25009155,32.60750961,41.34518051,40.18032455,37.65531158
s,50.61502457,35.11106491,43.52856827,51.80891037,29.19973564,51.57991028,48.35033798,41.50518417,21.13614464,49.24331284,46.84275055,40.04756546,22.13367081,44.2431221,41.89440536,36.11025238,32.6075058,44.00886917,39.61585617,32.96373367
s,50.6150322,34.89814377,43.61565399,52.29924011,29.19973946,52.67325211,49.95325851,42.98286438,21.13614464,50.43349075,48.37814331,41.29078674,22.13367271,45.34643555,43.29356384,37.17514801,32.6075058,44.92179489,40.91405869,34.20396423
s,50.61502457,33.47094345,41.76183701,50.51241684,29.19974136,51.51376343,48.108181,41.07260132,21.13615227,49.17132187,46.67496872,39.81999588,22.13367271,44.11369705,41.64115906,35.80947495,32.60750961,43.84024811,39.32806015,32.6558075
s,50.6150322,31.88477898,41.00732803,51.06574249,29.19973183,53.81489563,53.06816101,46.76541519,21.13614082,51.80821991,51.05793381,44.51728821,22.13366699,44.75286865,43.94298553,38.9178772,32.6075058,43.91483688,40.50434494,34.74983215
t,51.57856369,32.18866348,41.10438156,50.96954346,29.75559616,52.56163025,51.01640701,45.54953766,21.53850365,45.28907013,42.73812103,37.56449509,22.55502129,39.17057419,37.12473297,33.91906738,33.22824478,39.48807144,35.18553543,31.01695251
t,51.5785675,34.36870956,44.42533493,54.60790253,29.75559235,55.85102844,58.66625977,55.88231659,21.53850555,45.37202454,42.54086685,37.11342239,22.55501938,39.44660187,36.89458847,33.23007965,33.22824097,39.68268204,35.21827316,30.8698616
t,51.57856369,33.27871704,41.96429825,51.01420593,29.75559807,50.68738174,49.0395813,44.27560043,21.53850746,43.34621429,41.50256348,38.1029129,22.55501938,37.27445221,35.19159698,33.26171494,33.2282486,37.6577301,34.29788589,32.2134552
t,51.57856369,33.77471161,42.42411041,51.51467133,29.75559807,50.77746201,49.29123306,44.88044357,21.53850937,43.13436508,41.25317383,37.93050766,22.55502319,37.02885818,34.83747864,32.971035,33.22824478,37.59285355,33.75596619,31.33005524
t,51.57856369,32.277771,40.56063843,50.28255081,29.75559807,49.07907104,46.88265991,42.19237518,21.53850174,43.21825409,41.1115799,37.61901474,22.55502319,37.09981155,34.76081085,32.79413223,33.22824478,37.82397842,32.77793884,29.02572823
t,51.57855988,33.72428513,43.22274017,53.38339233,29.75559807,51.65502548,51.64266586,47.90433502,21.53850746,43.72717285,41.44577026,37.52334976,22.55502129,37.84420395,35.46822739,33.03731918,33.2282486,37.91344833,34.92050171,32.93532562
u,51.57855988,28.99458885,38.71915054,52.74446106,29.75559235,59.96344757,78.78741455,92.26035309,21.53850365,60.7251358,83.86953735,99.07037354,22.55502129,45.90515518,46.33585358,41.49505997,33.22824478,43.81478882,41.97390747,37.46392059
u,51.57856369,30.03886986,39.73908234,53.58863449,29.75559235,59.02365494,77.59970093,90.94728088,21.53850555,60.79731369,83.78396606,98.85929871,22.55502319,44.48432159,45.18540573,41.11810303,33.22824097,42.70334244,41.05792618,37.20939636
u,51.57855988,30.63345718,40.43148804,54.24126816,29.75560188,58.3783493,76.7677002,90.0472641,21.53850746,60.77541351,83.53891754,98.4093399,22.55502129,43.58575439,44.40430832,40.81891251,33.22824097,41.9578743,40.3531189,36.91161728
u,51.57856369,31.01857948,40.84550095,54.56803513,29.75559807,58.26041794,76.61254883,89.87467957,21.53850365,60.82092285,83.60664368,98.46669769,22.55501938,43.07879257,44.253479,41.22449493,33.22824478,41.7580452,40.38446426,37.34864807
u,51.5785675,30.45498466,40.36724472,54.25677872,29.75559807,58.364048,76.76947021,90.04724884,21.53850937,60.74801254,83.53620148,98.40826416,22.55501747,43.58762741,44.92037201,41.82406235,33.22824097,41.92785263,40.6152916,37.4859848
u,51.57856369,30.95824432,40.75432587,54.43572998,29.75559616,58.01551437,76.25922394,89.46833038,21.53850555,60.7874527,83.51682281,98.39170837,22.55501938,43.12149429,44.02785492,40.80069351,33.22824097,41.6815033,40.18054199,37.00273132
u,51.5785675,31.09909439,40.84228134,54.5085144,29.75559807,58.12875366,76.45496368,89.71065521,21.53850365,60.76226807,83.54165649,98.39286804,22.55501747,42.70513916,44.08371353,41.36396408,33.22824097,41.40152359,40.17468643,37.36229324
h,53.93854904,30.39756012,40.99172211,56.38060379,31.11706924,63.2595787,83.6547699,98.30430603,22.52400208,65.61153412,90.6155777,107.2055817,23.58703041,50.81828308,50.76026154,45.0972023,34.74860764,47.72975922,45.73671722,40.70685959
h,53.93855286,30.51567459,41.07636261,56.46736145,31.11706924,63.04966736,83.39398956,98.02524567,22.5240078,65.63172913,90.59798431,107.1747208,23.58703423,50.29459763,50.53397369,45.31863022,34.74861145,47.36347198,45.50667572,40.75196838
h,53.93854904,30.20639038,40.9814949,56.46030045,31.11707115,63.73188019,84.24998474,98.97335815,22.52400398,65.56840515,90.74195099,107.3639145,23.58703041,50.76892471,51.95980835,47.01325989,34.74860764,47.69403839,46.50947952,42.18545914
u,54.2059288,30.93888855,41.56594467,56.31548309,31.27131462,62.92045593,82.80761719,97.17115784,22.63565254,65.06269073,88.51494598,103.9197693,23.70395088,47.32281113,48.12860107,44.07816315,34.92086029,45.92011261,43.4049263,38.58950806
u,54.2059288,30.90287018,41.44293976,56.16430283,31.27131653,62.62598038,82.44935608,96.77469635,22.63565445,64.96062469,88.70848083,103.9834824,23.70394897,48.01049805,48.2816658,43.42372513,34.92086029,46.46848679,43.55423737,38.11214447
u,54.40133286,32.37424088,43.23416901,58.29663086,31.38404465,62.72748566,82.59000397,97.03610229,22.71725273,65.2507782,89.34235382,104.9054337,23.7894001,45.54044342,49.53875732,48.89204025,35.04674149,43.85345078,43.79286575,42.22819901
u,54.40132904,30.77479172,41.54924011,56.86552429,31.38404655,62.168396,81.99094391,96.22762299,22.71725655,65.13619232,89.71974945,105.5630035,23.78940582,47.95459747,50.52215195,47.56531143,35.0467453,45.08895111,44.68934631,41.86203003
u,54.40132904,32.11214828,43.07879257,58.28688812,31.38404465,62.13058853,81.93222046,96.14898682,22.71724892,64.97753906,89.47680664,105.3333817,23.78939819,46.9620018,49.48113632,46.7089653,35.04674149,44.9600563,44.41198349,41.65493011
y,50.67190933,52.27009583,70.27579498,87.19437408,29.23254967,50.06921387,49.5959549,45.70684433,21.15990067,48.18729782,49.4166069,45.53305817,22.15854836,44.44392395,45.64507675,42.68323898,32.64415359,57.91890717,72.30763245,84.53782654
y,50.67190552,51.33948517,68.85046387,85.46000671,29.23254967,50.51150513,49.81191254,45.55148315,21.15989876,48.45978165,49.48244476,45.32344055,22.15854645,44.57165909,45.54888916,42.27811432,32.64414978,57.77554321,72.00515747,84.0634079
y,50.67191315,52.72223663,70.65180969,87.24559784,29.23254776,50.61061859,49.75177002,45.30270767,21.15990067,48.44668579,49.2026825,44.7015152,22.15854645,44.62088394,45.35876465,41.77058792,32.64414978,57.76086426,71.93740845,83.91903687
y,50.67190933,54.00108337,72.49475861,88.71580505,29.23254776,52.82830811,54.09967422,50.50914001,21.15989685,50.82152176,53.03517151,48.52046204,22.15854454,47.01308441,48.97343445,45.27814102,32.64414978,58.10695648,72.2322998,83.88451385
y,50.67190933,53.84248352,71.81523895,87.57117462,29.23255157,51.71307373,51.85516739,47.76556396,21.15990067,49.55751038,50.79624176,46.21976089,22.15854645,45.65246964,46.83581543,43.15048599,32.64414978,58.08194351,72.22777557,83.88624573
j,50.67190933,40.07156754,46.73546982,52.1184845,29.23254776,50.21051407,45.46662903,38.55564117,21.15989685,47.45655823,44.69007492,38.42242813,22.15854645,42.80428314,40.53177261,35.68927002,32.64415359,57.28971863,71.25514984,83.0244751
j,50.67191315,39.68783951,46.75191498,53.05931473,29.23254967,50.56645584,46.40216446,39.80957794,21.15989876,48.22492599,45.73879623,39.40414047,22.15854454,43.60553741,41.64016342,36.61182022,32.64415359,57.15390396,71.0637207,82.97071838
j,50.67190933,39.70506668,46.78995514,53.05157089,29.23254776,50.44893646,46.12123489,39.42468643,21.15989685,48.03775787,45.49876022,39.1893425,22.15854454,43.37956238,41.42352295,36.4786911,32.64415359,57.10641098,71.00587463,82.91143036
j,50.67190933,39.99811935,47.0139122,53.15542603,29.23254967,50.12586975,45.60599899,38.85071182,21.15989876,47.61971283,44.9998436,38.83294678,22.15854454,42.90295792,40.94678879,36.23587418,32.64415359,57.20777893,71.20667267,83.18157959
j,50.67190933,38.6815567,47.34552002,55.56385803,29.23254776,53.23000336,49.58966446,42.7971611,21.15989685,50.35118484,47.6231842,40.43200684,22.15854645,45.32015991,42.86371994,36.83971405,32.64415359,57.4007988,71.28769684,83.08227539
j,50.67190933,39.21234894,48.01634598,56.15922165,29.23254967,53.55745316,49.67980957,42.6710968,21.15989876,50.29239655,47.49729156,40.23025513,22.15854836,45.19380188,42.64962769,36.58841324,32.64415741,57.32417679,71.22409058,83.06739044
q,51.62198639,40.45752716,51.39818192,63.07791138,29.78064919,55.02404022,67.50881958,74.78726959,21.55663681,45.15248489,43.25461578,38.85598755,22.57401276,39.45458984,37.66138458,34.8266716,33.2562294,40.51360703,36.45677948,32.11519241
q,51.62198639,40.43718338,51.44096375,63.04572296,29.78064919,55.08912659,67.03504181,73.70861816,21.55663681,45.04761124,43.18167114,38.85394669,22.57400703,39.40689468,37.86177444,35.215065,33.25622559,40.39899445,36.3420105,32.03932571
q,51.62199783,40.00623703,50.9290657,62.63289642,29.780653,54.15232468,65.14852905,70.94397736,21.55663872,44.73049164,43.73971558,39.93769073,22.57400322,38.83184052,37.85530853,35.81993103,33.25622177,39.74681854,36.21154022,32.6284523
q,51.62198639,39.09323502,49.36468506,60.89645767,29.78064537,55.8014183,68.36447144,75.44707489,21.55664063,49.29916382,50.54969788,46.59456253,22.57401848,40.64928818,39.02505112,35.86363602,33.25622177,41.3313179,37.00321198,31.99634171
q,51.6219902,38.81711197,49.25162506,61.03404236,29.78064728,56.00861359,68.91700745,76.1515274,21.55663681,48.2142601,47.68484116,42.98000717,22.57400703,40.80295563,39.16540146,35.90749741,33.25622177,41.83225632,37.38890457,32.29009247
g,52.1393013,32.54085922,41.71347046,55.23614502,30.0790863,61.94952011,81.63077545,95.67564392,21.77266312,48.17173004,44.56394196,38.16576004,22.80023003,42.49353027,39.63992691,35.07629395,33.58948898,41.39769363,37.73638535,33.7028656
g,52.13930511,33.88214874,43.17477798,56.13600159,30.0790844,61.36661148,80.95132446,94.94334412,21.77266312,48.25879288,44.67041779,38.14557266,22.80022621,42.5226593,39.7355957,35.15641403,33.58948517,41.79686356,37.75060654,33.25910568
g,52.13929749,34.10089874,43.35493088,56.139534,30.07908821,61.20897293,80.75482178,94.72988129,21.77266502,48.3029213,44.69858932,38.1424942,22.80023575,42.64120865,39.77278137,35.07887268,33.58948898,41.99483109,37.79905319,33.08272171
g,52.13929749,33.30036163,42.3085289,55.14910889,30.0790863,61.31633759,80.88499451,94.84681702,21.77266502,47.65034866,44.03669357,37.70972061,22.80023575,41.91700363,39.06314468,34.72075653,33.5894928,41.38859558,37.14141846,32.6983757
g,52.1393013,33.84758759,42.78639221,55.49060822,30.0790844,61.33390427,80.88348389,94.81986237,21.77266312,47.31563568,43.52760696,37.18314743,22.80023193,41.6544342,38.6432991,34.29557037,33.5894928,41.18394852,36.90076065,32.52511215
g,52.13931274,33.71615982,41.49903488,53.1473732,30.0790844,61.37015152,80.87630463,94.74851227,21.77265358,46.64653397,43.0370636,37.12654114,22.8002243,40.8870697,37.8189888,33.93643951,33.58948517,40.97913742,35.95817947,31.08037376
g,52.13930511,34.2719574,41.78275681,52.84177399,30.07909012,61.18735504,80.6683197,94.51081085,21.77266121,46.78471375,43.06339264,37.11236954,22.80022621,40.82165146,37.61537552,33.71087646,33.58948898,41.16316223,35.62511063,30.22055435
h,52.13929749,30.74436188,40.87161636,55.15483475,30.0790863,60.13130951,79.37026215,93.28436279,21.77266312,62.77022171,86.58840942,102.4185867,22.80023193,44.84933853,45.60623169,41.97477722,33.58948898,43.52133179,41.21405411,36.89831161
h,52.13930511,31.31243896,40.93458939,54.80471802,30.0790863,60.06842804,79.37924194,93.32008362,21.77266121,62.82539368,86.84937286,102.6900558,22.80023003,44.70981598,44.49376678,40.18440628,33.58948898,43.4851799,40.73126984,36.18862152
h,52.13929749,32.78341675,41.59487534,54.43315125,30.07909012,59.81203079,79.06404877,93.01067352,21.77266693,62.84582138,86.69033051,102.3322525,22.80023575,44.14496994,42.34567261,37.4539032,33.5894928,43.08781052,39.4826889,34.77474213
u,52.13930511,28.6122036,39.31764603,54.45471191,30.0790863,59.72402573,78.71577454,92.62306976,21.77266502,62.82534409,86.05908966,101.5226746,22.80023193,49.13690948,50.24389648,45.14493561,33.58948517,45.62545395,44.27309036,39.7732048
u,52.13931274,28.5547905,39.2935524,54.47916031,30.0790844,59.69529343,78.7015152,92.61548615,21.77266121,62.78566742,86.10623169,101.6105957,22.8002243,49.32341385,50.5402298,45.42734528,33.58948517,45.70994186,44.41583252,39.93003082
u,52.13930511,27.71214867,38.42114258,53.74187851,30.07908249,59.68924332,78.76285553,92.6216507,21.7726593,62.82335281,86.26730347,101.5628738,22.80022812,49.33960342,50.87536621,45.90023041,33.58948517,45.808918,44.51672745,39.8167038
r,51.85116577,34.6866188,44.36140823,57.10060883,29.91285515,58.99482727,76.82704926,89.20418549,21.65233994,62.79566574,83.17004395,92.77410126,22.67422485,42.68477631,43.74800873,41.35487366,33.40385818,41.52174759,38.56756592,34.43707275
r,51.85115814,33.7246666,43.59548569,56.93029785,29.91285896,59.02954483,77.30775452,90.51262665,21.65234184,62.69826889,83.39871979,95.57143402,22.67422867,43.93720627,45.18841934,42.3843956,33.403862,42.14519119,40.19737625,36.71324921
r,51.56756592,31.5440197,42.36070251,56.93019867,29.74925423,59.67987442,78.2933197,91.73397064,21.53391075,63.60855103,85.3583374,96.98828888,22.55021477,45.67681503,46.88396835,43.57896423,33.22115707,43.60659027,41.21505737,36.69171524
r,51.56756973,32.53029633,43.17779541,57.51169586,29.74925423,59.47343063,78.13074493,91.60825348,21.53391075,63.60335159,86.19582367,100.0912933,22.55021477,43.93823242,45.84339523,43.75851822,33.22116089,42.20369339,39.83727264,35.9288063
r,51.56756973,32.51530457,43.17535782,57.50657654,29.74925041,59.41327286,77.90395355,91.25769043,21.53391457,63.59653473,86.14806366,99.26072693,22.55021095,43.92998123,45.79714966,43.68411255,33.22116089,42.19331741,39.75929642,35.7937851
r,51.56756592,33.14928818,43.68284988,57.80149078,29.74925232,59.32914734,77.63233948,90.52407837,21.53391075,63.49538803,85.2855072,96.81374359,22.55021095,42.97401428,44.72942734,42.88912582,33.22115707,41.72129059,38.71207809,34.38537598
r,51.56756973,32.15034103,42.91189194,57.35647202,29.74925041,59.26390457,77.20235443,89.60498047,21.53390503,63.56616974,85.53312683,96.36415863,22.55020905,43.28115082,44.84860992,42.73955536,33.22116089,41.87030411,38.74650955,34.31916809
s,50.4222641,32.23018265,40.13507843,48.26213837,29.08853149,49.07011795,44.95869064,38.5247612,21.0556488,46.71549606,43.97656631,38.34389496,22.04938507,42.1131134,39.37135315,34.81980133,32.48332596,41.96737289,36.98549271,31.03429985
s,50.42226028,31.28147125,39.62195587,48.78327942,29.08853149,48.96712875,44.86232376,38.32399368,21.0556488,47.06708145,44.26742935,38.24464035,22.04937553,42.74814224,40.35641861,35.5146637,32.48332214,42.77223587,38.06541443,31.52083397
s,50.42226028,30.24032402,38.74576569,48.27313232,29.08852768,47.84553528,44.07037354,38.18992615,21.05565262,46.07914352,43.47485352,38.05999374,22.04937935,41.76605225,39.58110428,35.4220047,32.48332596,41.69964981,37.20550156,31.46986389
s,50.42226028,30.53452682,40.10219574,50.71784973,29.08853149,50.16261673,47.14917374,41.14458466,21.05565643,48.04885483,45.48140717,39.32978439,22.04937935,43.36648178,40.99481201,35.96966171,32.48332596,42.7963295,38.54597473,32.30920029
s,50.4222641,30.229599,39.78985214,50.17177582,29.08852386,50.58765411,48.25700378,42.65955353,21.05564499,48.20182037,46.62252045,41.27259827,22.04937744,42.92473984,41.09044266,36.78815842,32.48332214,42.16841888,38.06915283,32.61923218
t,51.54037476,37.35336304,38.81537628,41.27308655,29.73356628,47.92972183,45.08227158,41.17330933,21.52256203,45.08989716,44.40739441,42.29614639,22.53832245,39.01195145,39.43343353,39.52886963,33.20363998,38.41148376,36.87103653,36.47275162
t,51.54036713,38.8628006,40.53373718,41.58945465,29.73356438,48.19113922,44.40532684,39.60042572,21.5225563,45.74661255,44.43412399,41.67652512,22.53832436,39.56121063,39.73335648,39.42824554,33.20363998,38.85467529,37.30991364,36.5766449
t,51.54037857,38.84411621,40.49583817,41.177742,29.73356247,48.4836235,44.53610992,39.53237534,21.5225563,46.0828743,44.46860123,41.41478348,22.53831482,39.87988663,39.76809311,39.14890671,33.20363617,39.13022232,37.27201843,36.14319992
t,51.54037857,38.74996567,40.98684692,43.46781921,29.73356438,48.59815598,44.62331009,39.52869415,21.5225544,46.40717316,44.43977356,40.98259354,22.53831291,40.15323639,39.46180344,38.3531723,33.20363617,39.22928238,37.22541809,35.93564606
t,51.54036331,38.60197067,41.14651108,44.50995255,29.7335701,49.34250641,45.49083328,40.30238342,21.52256584,47.17059326,44.79473877,40.69945145,22.53832245,40.54598618,39.65483856,38.11141968,33.20363998,39.13802719,37.91882324,37.21760178
z,52.00728226,33.24059296,42.04650879,52.93447495,30.00292587,61.34635925,80.52344513,94.00118256,21.71753311,48.03569794,45.16449738,39.47077179,22.74250221,41.84218597,39.42498398,35.64076996,33.50443649,41.72047043,36.37285614,30.72576904
z,52.0072937,33.48748779,41.8720932,52.143013,30.00292587,61.53947449,80.77134705,94.24305725,21.71753311,47.67388153,45.13784027,39.69921875,22.74250221,41.60388947,39.39060211,35.77032089,33.50444031,41.63685608,36.23325348,30.55401611
z,52.0072937,33.11090851,41.65787506,52.27868652,30.00292778,61.59754944,80.78938293,94.17526245,21.71753693,47.2400589,44.63626862,39.43200684,22.7424984,41.03108215,38.99384308,35.85773468,33.50444031,41.11073685,35.62118912,30.13863182
z,52.00728607,31.55406189,40.4651413,51.85950089,30.00292778,61.7132988,80.95002747,94.34076691,21.71753502,47.07108307,44.12652969,38.64637756,22.74250031,41.19019699,38.72418976,35.14322662,33.50444031,41.24975586,35.60116959,29.93198586
q,52.00728989,39.21452713,54.39021301,69.93888092,30.00292206,60.46776581,68.71430206,70.95225525,21.71753311,44.62776566,40.80559158,35.67632675,22.7424984,38.76937485,36.19074249,33.62716293,33.50443649,39.02526474,35.34210205,32.52441788
q,52.00728607,39.52386475,54.79848862,70.15089417,30.00292778,60.39155197,68.18045044,69.4467926,21.71753311,44.60047531,40.86483765,35.74792862,22.7424984,38.66373825,36.13917923,33.62437057,33.50444031,38.82237625,35.57505798,33.2233429
q,52.0072937,39.41138077,54.58914185,70.07591248,30.00292778,60.25183105,68.56879425,71.00284576,21.71753883,44.50921631,41.31781387,36.64697266,22.74250412,38.32115555,36.28293991,34.23526001,33.50444031,38.63228226,35.34392548,33.01546478
q,52.00728226,39.00470352,54.05228806,68.91138458,30.00292587,60.61942291,68.17516327,68.99172211,21.71753883,44.90382767,40.94975281,35.45084763,22.7424984,38.87192154,36.62015533,33.98503876,33.50444031,38.83637238,35.94404984,33.78237152
q,52.00728989,39.36361694,54.57270432,69.96353912,30.00292587,60.06991959,68.42963409,70.50862122,21.71753311,44.45865631,41.15607071,36.41430283,22.74249649,38.18965912,36.35248566,34.4714241,33.50443649,38.43893433,35.47478867,33.51944733
